barcode	sample	count.1	input.1	input.2	input.3	log_fold_change	p	-log10(p)	masked_p (p = 1 if logFC < 0)	-log10(masked_p)	count.normalised (edgeR)	input.normalised (edgeR)	Peptide	HLA	RCC.sample
A19B61	BC 71 PE+	0	1	0	1	-2.64977036993735	1	0	1	0	0	0.00660738847210037	1	A0201	RCC 19
A19B62	BC 71 PE+	0	0	1	5	-4.10879920591547	1	0	1	0	0	0.0231545197266413	2	A0201	RCC 19
A19B63	BC 71 PE+	0	2	1	1	-3.52874416095681	1	0	1	0	0	0.0133791852759017	3	A0201	RCC 19
A19B64	BC 71 PE+	4	0	1	2	1.89997612319988	1	0	1	0	0.0426544082772611	0.0116594640291712	4	A0201	RCC 19
A19B65	BC 71 PE+	0	2	1	0	-3.14892975977232	1	0	1	0	0	0.00954750004341168	5	A0201	RCC 19
A19B66	BC 71 PE+	0	0	0	1	-1.87214980009276	1	0	1	0	0	0.00383168523249005	6	A0201	RCC 19
A19B67	BC 71 PE+	10	0	0	0	6.37426031276711	0.00254050606575425	2.59507976382377	0.00254050606575425	2.59507976382377	0.106636020693153	0	7	A0201	RCC 19
A19B68	BC 71 PE+	3	0	0	0	4.6773140961527	1	0	1	0	0.0319908062079458	0	8	A0201	RCC 19
A19B69	BC 71 PE+	0	0	1	1	-2.66660459742182	1	0	1	0	0	0.00782777879668111	9	A0201	RCC 19
A19B70	BC 71 PE+	3	1	1	1	1.51380194422572	1	0	1	0	0.0319908062079458	0.0106034820362914	10	A0201	RCC 19
A19B71	BC 71 PE+	0	1	1	0	-2.65144729726074	1	0	1	0	0	0.00677179680380137	11	A0201	RCC 19
A19B72	BC 71 PE+	7	1	1	0	3.21567405154893	0.410838371017362	0.386329001435803	0.410838371017362	0.386329001435803	0.0746452144852069	0.00677179680380137	12	A0201	RCC 19
A19B73	BC 71 PE+	1	1	1	0	0.549483682020975	1	0	1	0	0.0106636020693153	0.00677179680380137	13	A0201	RCC 19
A19B74	BC 71 PE+	3	0	0	0	4.6773140961527	1	0	1	0	0.0319908062079458	0	14	A0201	RCC 19
A19B75	BC 71 PE+	0	0	0	0	0	1	0	1	0	0	0	15	A0201	RCC 19
A19B76	BC 71 PE+	0	0	0	2	-2.66491240594483	1	0	1	0	0	0.00766337046498011	16	A0201	RCC 19
A19B77	BC 71 PE+	0	1	1	0	-2.65144729726074	1	0	1	0	0	0.00677179680380137	17	A0201	RCC 19
A19B78	BC 71 PE+	0	0	0	0	0	1	0	1	0	0	0	18	A0201	RCC 19
A19B79	BC 71 PE+	0	0	0	1	-1.87214980009276	1	0	1	0	0	0.00383168523249005	19	A0201	RCC 19
A19B80	BC 71 PE+	3	5	2	4	-0.227634911333253	1	0	1	0	0.0319908062079458	0.0371974442563939	20	B0702	RCC 19
A19B81	BC 71 PE+	2	2	1	0	0.971342353382524	1	0	1	0	0.0213272041386305	0.00954750004341168	21	B0702	RCC 19
A19B82	BC 71 PE+	0	2	1	3	-4.08199322751059	1	0	1	0	0	0.0210425557408818	22	B0702	RCC 19
A19B83	BC 71 PE+	0	1	2	1	-3.54451590346714	1	0	1	0	0	0.0145995756004825	23	B0702	RCC 19
A19B84	BC 71 PE+	3	7	2	5	-0.556464395967012	1	0	1	0	0.0319908062079458	0.0465805359681046	24	B0702	RCC 19
A20B61	BC 71 PE+	2	0	1	1	1.45366751573303	1	0	1	0	0.0213272041386305	0.00782777879668111	25	B0702	RCC 19
A20B62	BC 71 PE+	0	1	1	1	-3.16351215192699	1	0	1	0	0	0.0106034820362914	26	B0702	RCC 19
A20B63	BC 71 PE+	2	2	4	3	-0.535740710047711	1	0	1	0	0.0213272041386305	0.033030836433455	27	B0702	RCC 19
A20B64	BC 71 PE+	1	0	1	1	0.534326381859893	1	0	1	0	0.0106636020693153	0.00782777879668111	28	B0702	RCC 19
A20B65	BC 71 PE+	0	0	1	0	-1.87387690782943	1	0	1	0	0	0.00399609356419106	29	B0702	RCC 19
A20B66	BC 71 PE+	0	0	1	0	-1.87387690782943	1	0	1	0	0	0.00399609356419106	30	B0702	RCC 19
A20B67	BC 71 PE+	0	0	1	1	-2.66660459742182	1	0	1	0	0	0.00782777879668111	31	B0702	RCC 19
A20B68	BC 71 PE+	1	0	1	1	0.534326381859893	1	0	1	0	0.0106636020693153	0.00782777879668111	32	B0702	RCC 19
A20B69	BC 71 PE+	0	1	0	0	-1.85652871446073	1	0	1	0	0	0.00277570323961031	33	B0702	RCC 19
A20B70	BC 71 PE+	1	0	0	0	3.20093097928171	1	0	1	0	0.0106636020693153	0	34	B0702	RCC 19
A20B71	BC 71 PE+	0	0	1	0	-1.87387690782943	1	0	1	0	0	0.00399609356419106	35	B0702	RCC 19
A20B72	BC 71 PE+	3	0	3	1	1.11690025917336	1	0	1	0	0.0319908062079458	0.0158199659250632	36	B0702	RCC 19
A20B73	BC 71 PE+	0	0	0	0	0	1	0	1	0	0	0	37	B0702	RCC 19
A20B74	BC 71 PE+	0	0	0	0	0	1	0	1	0	0	0	38	B0702	RCC 19
A20B75	BC 71 PE+	2	0	0	0	4.12027211315485	1	0	1	0	0.0213272041386305	0	39	B0702	RCC 19
A20B76	BC 71 PE+	0	0	0	0	0	1	0	1	0	0	0	40	B0702	RCC 19
A20B77	BC 71 PE+	0	1	1	0	-2.65144729726074	1	0	1	0	0	0.00677179680380137	41	B0702	RCC 19
A20B78	BC 71 PE+	0	1	0	1	-2.64977036993735	1	0	1	0	0	0.00660738847210037	42	B0702	RCC 19
A20B79	BC 71 PE+	0	2	0	1	-3.14729908188242	1	0	1	0	0	0.00938309171171068	43	B0702	RCC 19
A20B80	BC 71 PE+	1	2	0	0	0.566170478826909	1	0	1	0	0.0106636020693153	0.00555140647922062	44	B0702	RCC 19
A20B81	BC 71 PE+	1	0	1	2	0.0227210454903649	1	0	1	0	0.0106636020693153	0.0116594640291712	45	B0702	RCC 19
A20B82	BC 71 PE+	0	0	0	2	-2.66491240594483	1	0	1	0	0	0.00766337046498011	46	B0702	RCC 19
A20B83	BC 71 PE+	1	2	0	0	0.566170478826909	1	0	1	0	0.0106636020693153	0.00555140647922062	47	B0702	RCC 19
A20B84	BC 71 PE+	1	3	2	2	-1.08451896653795	1	0	1	0	0.0106636020693153	0.0239826673121932	48	B0702	RCC 19
A21B61	BC 71 PE+	1	1	3	1	-0.646894760881669	1	0	1	0	0.0106636020693153	0.0185956691646735	49	B0702	RCC 19
A21B62	BC 71 PE+	2	2	2	2	0.036738644941991	1	0	1	0	0.0213272041386305	0.0212069640725828	50	B0702	RCC 19
A21B63	BC 71 PE+	1	4	1	2	-1.07015458860152	1	0	1	0	0.0106636020693153	0.0227622769876124	51	B0702	RCC 19
A21B64	BC 71 PE+	1	0	1	0	1.32705407145228	1	0	1	0	0.0106636020693153	0.00399609356419106	52	B0702	RCC 19
A21B65	BC 71 PE+	1	1	0	0	1.34440226482099	1	0	1	0	0.0106636020693153	0.00277570323961031	53	B0702	RCC 19
A21B66	BC 71 PE+	0	0	1	2	-3.17820993379135	1	0	1	0	0	0.0116594640291712	54	B0702	RCC 19
A21B67	BC 71 PE+	0	1	0	0	-1.85652871446073	1	0	1	0	0	0.00277570323961031	55	B0702	RCC 19
A21B68	BC 71 PE+	0	0	0	0	0	1	0	1	0	0	0	56	B0702	RCC 19
A21B69	BC 71 PE+	2	1	0	1	1.4705017432175	1	0	1	0	0.0213272041386305	0.00660738847210037	57	B0702	RCC 19
A21B70	BC 71 PE+	0	0	1	0	-1.87387690782943	1	0	1	0	0	0.00399609356419106	81	C0401	RCC 19
A21B71	BC 71 PE+	0	1	0	1	-2.64977036993735	1	0	1	0	0	0.00660738847210037	82	C0401	RCC 19
A21B72	BC 71 PE+	0	0	0	1	-1.87214980009276	1	0	1	0	0	0.00383168523249005	83	C0401	RCC 19
A21B73	BC 71 PE+	1	0	0	0	3.20093097928171	1	0	1	0	0.0106636020693153	0	84	C0401	RCC 19
A21B74	BC 71 PE+	0	0	0	0	0	1	0	1	0	0	0	85	C0401	RCC 19
A21B75	BC 71 PE+	0	0	1	1	-2.66660459742182	1	0	1	0	0	0.00782777879668111	86	C0401	RCC 19
A21B76	BC 71 PE+	0	0	0	0	0	1	0	1	0	0	0	87	C0401	RCC 19
A21B77	BC 71 PE+	2	1	0	0	2.26374339869412	1	0	1	0	0.0213272041386305	0.00277570323961031	88	C0401	RCC 19
A21B78	BC 71 PE+	0	1	0	0	-1.85652871446073	1	0	1	0	0	0.00277570323961031	89	C0401	RCC 19
A21B79	BC 71 PE+	0	2	0	6	-4.48325858226492	1	0	1	0	0	0.028541517874161	90	C0401	RCC 19
A21B80	BC 71 PE+	4	5	1	2	0.63102164011463	1	0	1	0	0.0426544082772611	0.0255379802272227	48	C0401	RCC 19
A21B81	BC 71 PE+	1	4	2	2	-1.2601672925801	1	0	1	0	0.0106636020693153	0.0267583705518035	92	C0401	RCC 19
A21B82	BC 71 PE+	1	1	0	1	0.551160609344368	1	0	1	0	0.0106636020693153	0.00660738847210037	93	C0401	RCC 19
A21B83	BC 71 PE+	0	1	1	2	-3.54290272426625	1	0	1	0	0	0.0144351672687815	94	C0401	RCC 19
A21B84	BC 71 PE+	0	2	0	1	-3.14729908188242	1	0	1	0	0	0.00938309171171068	95	C0401	RCC 19
A22B61	BC 71 PE+	1	0	1	2	0.0227210454903649	1	0	1	0	0.0106636020693153	0.0116594640291712	96	C0401	RCC 19
A22B62	BC 71 PE+	0	2	0	1	-3.14729908188242	1	0	1	0	0	0.00938309171171068	97	C0401	RCC 19
A22B63	BC 71 PE+	2	2	1	0	0.971342353382524	1	0	1	0	0.0213272041386305	0.00954750004341168	98	C0401	RCC 19
A22B64	BC 71 PE+	1	0	1	0	1.32705407145228	1	0	1	0	0.0106636020693153	0.00399609356419106	15	C0401	RCC 19
A22B65	BC 71 PE+	0	1	0	0	-1.85652871446073	1	0	1	0	0	0.00277570323961031	93	C0702	RCC 19
A22B66	BC 71 PE+	0	2	0	1	-3.14729908188242	1	0	1	0	0	0.00938309171171068	81	C0702	RCC 19
A22B67	BC 71 PE+	0	0	0	2	-2.66491240594483	1	0	1	0	0	0.00766337046498011	94	C0702	RCC 19
A22B68	BC 71 PE+	0	0	0	0	0	1	0	1	0	0	0	90	C0702	RCC 19
A22B69	BC 71 PE+	0	0	0	0	0	1	0	1	0	0	0	104	C0702	RCC 19
A22B70	BC 71 PE+	1	0	0	0	3.20093097928171	1	0	1	0	0.0106636020693153	0	105	C0702	RCC 19
A22B71	BC 71 PE+	1	0	1	1	0.534326381859893	1	0	1	0	0.0106636020693153	0.00782777879668111	106	C0702	RCC 19
A22B72	BC 71 PE+	0	1	0	0	-1.85652871446073	1	0	1	0	0	0.00277570323961031	107	C0702	RCC 19
A22B73	BC 71 PE+	1	2	0	1	0.0536318973992905	1	0	1	0	0.0106636020693153	0.00938309171171068	96	C0702	RCC 19
A22B74	BC 71 PE+	0	1	0	0	-1.85652871446073	1	0	1	0	0	0.00277570323961031	109	C0702	RCC 19
A22B75	BC 71 PE+	0	1	1	0	-2.65144729726074	1	0	1	0	0	0.00677179680380137	110	C0702	RCC 19
A22B76	BC 71 PE+	0	0	0	0	0	1	0	1	0	0	0	111	C0702	RCC 19
A22B77	BC 71 PE+	1	1	0	0	1.34440226482099	1	0	1	0	0.0106636020693153	0.00277570323961031	85	C0702	RCC 19
A22B78	BC 71 PE+	0	0	0	0	0	1	0	1	0	0	0	88	C0702	RCC 19
A22B79	BC 71 PE+	0	2	1	0	-3.14892975977232	1	0	1	0	0	0.00954750004341168	114	C0702	RCC 19
A22B80	BC 71 PE+	5	0	1	3	1.83438581464746	1	0	1	0	0.0533180103465763	0.0154911492616612	115	C0702	RCC 19
A22B81	BC 71 PE+	0	4	2	1	-4.27257920748766	1	0	1	0	0	0.0229266853193134	98	C0702	RCC 19
A22B82	BC 71 PE+	1	2	0	4	-0.879523196335362	1	0	1	0	0.0106636020693153	0.0208781474091808	95	C0702	RCC 19
A22B83	BC 71 PE+	0	0	2	2	-3.55878707184659	1	0	1	0	0	0.0156555575933622	118	C0702	RCC 19
A22B84	BC 71 PE+	0	0	2	3	-3.8600943945342	1	0	1	0	0	0.0194872428258523	75	C0702	RCC 19
A23B61	BC 71 PE+	0	1	1	0	-2.65144729726074	1	0	1	0	0	0.00677179680380137	120	C0702	RCC 19
A23B62	BC 71 PE+	0	1	1	1	-3.16351215192699	1	0	1	0	0	0.0106034820362914	87	C0702	RCC 19
A23B63	BC 71 PE+	0	2	1	0	-3.14892975977232	1	0	1	0	0	0.00954750004341168	122	C0702	RCC 19
A23B64	BC 71 PE+	0	0	0	2	-2.66491240594483	1	0	1	0	0	0.00766337046498011	83	C0702	RCC 19
A23B65	BC 71 PE+	0	0	0	0	0	1	0	1	0	0	0	124	C0702	RCC 19
A23B66	BC 71 PE+	0	0	1	0	-1.87387690782943	1	0	1	0	0	0.00399609356419106	125	C0702	RCC 19
A23B67	BC 71 PE+	0	0	0	0	0	1	0	1	0	0	0	126	C0702	RCC 19
A25B61	BC 71 PE+	0	0	3	1	-3.56041383697934	1	0	1	0	0	0.0158199659250632	24	A0201	Virus
A25B62	BC 71 PE+	0	2	2	1	-3.83247956594038	1	0	1	0	0	0.0173752788400928	13	A0201	Virus
A25B63	BC 71 PE+	4	0	1	2	1.89997612319988	1	0	1	0	0.0426544082772611	0.0116594640291712	6	A0201	Virus
A25B64	BC 71 PE+	0	0	0	1	-1.87214980009276	1	0	1	0	0	0.00383168523249005	16	A0201	Virus
A25B65	BC 71 PE+	0	0	0	0	0	1	0	1	0	0	0	5	A0201	Virus
A25B66	BC 71 PE+	0	0	0	1	-1.87214980009276	1	0	1	0	0	0.00383168523249005	10	A0201	Virus
A25B67	BC 71 PE+	0	2	1	1	-3.52874416095681	1	0	1	0	0	0.0133791852759017	20	B0702	Virus
A26B61	BC 71 PE+	1	1	1	5	-1.10893918256109	1	0	1	0	0.0106636020693153	0.0259302229662516	3	A0201	Virus
A26B62	BC 71 PE+	0	2	1	1	-3.52874416095681	1	0	1	0	0	0.0133791852759017	14	B0702	Virus
A26B63	BC 71 PE+	1	1	0	5	-0.892878687263042	1	0	1	0	0.0106636020693153	0.0219341294020606	21	B0702	Virus
