barcode	73	74	75	76	77	78	79	Peptide	HLA	RCC.sample
A19B61	0	1	0	0	1	1	1	1	A0201	RCC 19
A19B62	2	3	0	0	0	1	6	2	A0201	RCC 19
A19B63	1	1	1	1	2	1	1	3	A0201	RCC 19
A19B64	0	3	6	4	1	2	2	4	A0201	RCC 19
A19B65	0	1	0	0	2	1	0	5	A0201	RCC 19
A19B66	0	0	0	1	0	0	1	6	A0201	RCC 19
A19B67	1	16	14	18	0	1	0	7	A0201	RCC 19
A19B68	0	3	8	7	0	0	0	8	A0201	RCC 19
A19B69	0	26	0	7	0	2	1	9	A0201	RCC 19
A19B70	0	7	3	7	2	1	1	10	A0201	RCC 19
A19B71	0	4	0	1	1	1	0	11	A0201	RCC 19
A19B72	1	10	8	11	1	1	0	12	A0201	RCC 19
A19B73	0	4	1	1	1	1	0	13	A0201	RCC 19
A19B74	1	2	4	3	0	1	0	14	A0201	RCC 19
A19B75	0	2	0	1	0	0	0	15	A0201	RCC 19
A19B76	0	0	0	0	0	0	2	16	A0201	RCC 19
A19B77	0	0	0	0	1	1	0	17	A0201	RCC 19
A19B78	0	1	0	0	0	0	0	18	A0201	RCC 19
A19B79	0	0	0	0	0	0	1	19	A0201	RCC 19
A19B80	0	1	3	0	5	4	5	20	B0702	RCC 19
A19B81	4	0	2	1	2	1	1	21	B0702	RCC 19
A19B82	1	1	0	0	3	1	3	22	B0702	RCC 19
A19B83	0	2	0	0	2	5	2	23	B0702	RCC 19
A19B84	3	3	4	0	9	3	7	24	B0702	RCC 19
A20B61	0	0	2	0	1	1	3	25	B0702	RCC 19
A20B62	3	0	0	2	2	1	1	26	B0702	RCC 19
A20B63	7	2	3	0	2	5	3	27	B0702	RCC 19
A20B64	0	1	1	0	1	1	1	28	B0702	RCC 19
A20B65	1	1	0	0	0	2	0	29	B0702	RCC 19
A20B66	0	0	0	0	0	1	0	30	B0702	RCC 19
A20B67	0	1	0	2	0	1	1	31	B0702	RCC 19
A20B68	0	0	1	0	0	1	1	32	B0702	RCC 19
A20B69	0	0	0	1	1	0	0	33	B0702	RCC 19
A20B70	0	1	1	0	0	0	0	34	B0702	RCC 19
A20B71	1	1	0	2	0	1	0	35	B0702	RCC 19
A20B72	2	4	3	3	0	4	1	36	B0702	RCC 19
A20B73	0	3	0	0	0	0	1	37	B0702	RCC 19
A20B74	0	1	0	1	0	0	0	38	B0702	RCC 19
A20B75	0	0	2	0	0	0	0	39	B0702	RCC 19
A20B76	0	0	0	0	0	0	0	40	B0702	RCC 19
A20B77	2	0	0	0	1	1	0	41	B0702	RCC 19
A20B78	0	1	0	0	1	0	1	42	B0702	RCC 19
A20B79	1	0	0	0	2	0	1	43	B0702	RCC 19
A20B80	2	0	3	0	2	0	0	44	B0702	RCC 19
A20B81	0	0	1	0	0	1	2	45	B0702	RCC 19
A20B82	0	2	0	0	0	0	2	46	B0702	RCC 19
A20B83	0	0	1	0	2	0	0	47	B0702	RCC 19
A20B84	1	2	1	0	3	2	2	48	B0702	RCC 19
A21B61	2	0	1	1	1	3	1	49	B0702	RCC 19
A21B62	0	0	2	0	3	2	2	50	B0702	RCC 19
A21B63	1	1	1	0	4	1	2	51	B0702	RCC 19
A21B64	1	0	1	1	1	1	0	52	B0702	RCC 19
A21B65	2	1	1	0	1	0	0	53	B0702	RCC 19
A21B66	0	0	0	0	0	1	2	54	B0702	RCC 19
A21B67	1	1	0	0	1	0	1	55	B0702	RCC 19
A21B68	3	2	0	1	0	0	0	56	B0702	RCC 19
A21B69	0	1	2	0	1	0	1	57	B0702	RCC 19
A21B70	1	1	0	0	0	1	0	81	C0401	RCC 19
A21B71	1	1	0	0	1	0	1	82	C0401	RCC 19
A21B72	1	0	0	4	0	0	1	83	C0401	RCC 19
A21B73	0	1	2	0	0	0	0	84	C0401	RCC 19
A21B74	0	0	0	0	0	0	0	85	C0401	RCC 19
A21B75	0	0	0	1	0	1	1	86	C0401	RCC 19
A21B76	1	1	0	0	0	0	0	87	C0401	RCC 19
A21B77	2	1	2	2	1	0	0	88	C0401	RCC 19
A21B78	0	1	0	0	1	0	0	89	C0401	RCC 19
A21B79	1	0	0	1	2	0	7	90	C0401	RCC 19
A21B80	1	0	5	1	5	2	2	48	C0401	RCC 19
A21B81	4	2	1	0	5	2	3	92	C0401	RCC 19
A21B82	0	3	2	1	1	0	2	93	C0401	RCC 19
A21B83	0	0	0	0	2	1	2	94	C0401	RCC 19
A21B84	2	0	1	0	2	0	1	95	C0401	RCC 19
A22B61	2	3	1	0	0	1	3	96	C0401	RCC 19
A22B62	2	0	0	1	2	0	1	97	C0401	RCC 19
A22B63	1	2	2	1	2	1	0	98	C0401	RCC 19
A22B64	0	1	1	1	0	1	0	15	C0401	RCC 19
A22B65	0	3	0	2	1	1	0	93	C0702	RCC 19
A22B66	1	0	0	0	2	0	1	81	C0702	RCC 19
A22B67	3	0	0	0	0	0	2	94	C0702	RCC 19
A22B68	1	0	0	0	1	0	0	90	C0702	RCC 19
A22B69	0	0	0	0	0	0	0	104	C0702	RCC 19
A22B70	0	2	1	1	1	0	0	105	C0702	RCC 19
A22B71	0	0	1	1	0	1	1	106	C0702	RCC 19
A22B72	0	1	0	1	1	0	0	107	C0702	RCC 19
A22B73	0	2	1	1	2	0	1	96	C0702	RCC 19
A22B74	0	1	0	0	1	0	0	109	C0702	RCC 19
A22B75	1	0	0	0	1	1	0	110	C0702	RCC 19
A22B76	0	0	0	0	0	0	0	111	C0702	RCC 19
A22B77	1	0	1	1	1	0	0	85	C0702	RCC 19
A22B78	0	0	0	2	0	0	0	88	C0702	RCC 19
A22B79	1	0	0	0	2	1	0	114	C0702	RCC 19
A22B80	2	0	5	0	1	2	3	115	C0702	RCC 19
A22B81	1	0	0	0	5	2	1	98	C0702	RCC 19
A22B82	1	0	1	0	2	0	4	95	C0702	RCC 19
A22B83	0	0	0	0	0	2	3	118	C0702	RCC 19
A22B84	1	0	0	0	0	2	3	75	C0702	RCC 19
A23B61	1	1	0	1	1	1	0	120	C0702	RCC 19
A23B62	1	1	0	2	1	1	1	87	C0702	RCC 19
A23B63	0	3	0	1	2	1	0	122	C0702	RCC 19
A23B64	0	0	0	0	0	0	2	83	C0702	RCC 19
A23B65	0	0	0	0	0	0	0	124	C0702	RCC 19
A23B66	0	0	0	0	0	1	0	125	C0702	RCC 19
A23B67	1	0	0	0	0	0	0	126	C0702	RCC 19
A25B61	1	0	0	0	0	3	1	24	A0201	Virus
A25B62	1	1	0	0	2	2	1	13	A0201	Virus
A25B63	6	9	6	9	0	1	2	6	A0201	Virus
A25B64	0	0	0	0	0	0	1	16	A0201	Virus
A25B65	0	0	0	0	0	0	0	5	A0201	Virus
A25B66	0	0	0	0	0	0	1	10	A0201	Virus
A25B67	0	0	0	0	2	1	1	20	B0702	Virus
A26B61	0	1	1	0	2	1	5	3	A0201	Virus
A26B62	2	0	0	1	2	1	1	14	B0702	Virus
A26B63	5	0	2	1	2	2	5	21	B0702	Virus
