barcode	sample	count.1	input.1	input.2	input.3	log_fold_change	p	-log10(p)	masked_p (p = 1 if logFC < 0)	-log10(masked_p)	count.normalised (edgeR)	input.normalised (edgeR)	Peptide	HLA	RCC.sample
A1B61	BC 59 PE+	0	0	0	0	0	1	0	1	0	0	0	192	A0201	RCC 17
A1B62	BC 59 PE+	1	0	1	0	0.899304539742944	1	0	1	0	0.0220391863590385	0.0101990996199613	193	A0201	RCC 17
A1B63	BC 59 PE+	0	1	0	0	-1.97289197118605	1	0	1	0	0	0.0101990996199613	194	A0201	RCC 17
A1B64	BC 59 PE+	0	0	0	0	0	1	0	1	0	0	0	195	A0201	RCC 17
A1B65	BC 59 PE+	0	2	1	0	-3.2893367972176	1	0	1	0	0	0.0305972988598839	196	A0201	RCC 17
A1B66	BC 59 PE+	1	0	3	1	-0.794806476916043	1	0	1	0	0.0220391863590385	0.0407963984798452	197	A0201	RCC 17
A1B67	BC 59 PE+	1	0	1	1	0.0958641105785291	1	0	1	0	0.0220391863590385	0.0203981992399226	198	A0201	RCC 17
A1B68	BC 59 PE+	0	1	1	0	-2.77633240035046	1	0	1	0	0	0.0203981992399226	199	A0201	RCC 17
A1B69	BC 59 PE+	0	0	2	3	-3.96603462261566	1	0	1	0	0	0.0509954980998065	200	A0201	RCC 17
A1B70	BC 59 PE+	0	0	0	0	0	1	0	1	0	0	0	201	A0201	RCC 17
A1B71	BC 59 PE+	0	2	3	3	-4.60906573593323	1	0	1	0	0	0.0815927969596904	202	A0201	RCC 17
A1B72	BC 59 PE+	0	0	0	2	-2.77633240035046	1	0	1	0	0	0.0203981992399226	203	A0201	RCC 17
A1B73	BC 59 PE+	0	0	1	1	-2.77633240035046	1	0	1	0	0	0.0203981992399226	204	A0201	RCC 17
A1B74	BC 59 PE+	0	0	1	0	-1.97289197118605	1	0	1	0	0	0.0101990996199613	205	A0201	RCC 17
A1B75	BC 59 PE+	1	0	0	0	2.87219651092899	1	0	1	0	0.0220391863590385	0	206	A0201	RCC 17
A1B76	BC 59 PE+	1	1	1	1	-0.417140286288605	1	0	1	0	0.0220391863590385	0.0305972988598839	207	A0201	RCC 17
A1B77	BC 59 PE+	0	0	1	0	-1.97289197118605	1	0	1	0	0	0.0101990996199613	208	A0201	RCC 17
A1B78	BC 59 PE+	0	0	3	0	-3.2893367972176	1	0	1	0	0	0.0305972988598839	209	A0201	RCC 17
A1B79	BC 59 PE+	0	0	1	0	-1.97289197118605	1	0	1	0	0	0.0101990996199613	210	A0201	RCC 17
A1B80	BC 59 PE+	0	0	1	0	-1.97289197118605	1	0	1	0	0	0.0101990996199613	211	A0201	RCC 17
A1B81	BC 59 PE+	0	0	0	0	0	1	0	1	0	0	0	212	A0201	RCC 17
A1B82	BC 59 PE+	2	1	0	1	0.993818067602222	1	0	1	0	0.044078372718077	0.0203981992399226	213	A0201	RCC 17
A1B83	BC 59 PE+	0	0	2	2	-3.66700298784503	1	0	1	0	0	0.0407963984798452	214	A0201	RCC 17
A1B84	BC 59 PE+	0	1	2	3	-4.21360031851183	1	0	1	0	0	0.0611945977197678	215	A0201	RCC 17
A2B61	BC 59 PE+	0	0	0	1	-1.97289197118605	1	0	1	0	0	0.0101990996199613	216	A0201	RCC 17
A2B62	BC 59 PE+	0	0	0	0	0	1	0	1	0	0	0	217	A0201	RCC 17
A2B63	BC 59 PE+	0	1	0	1	-2.77633240035046	1	0	1	0	0	0.0203981992399226	218	A0201	RCC 17
A2B64	BC 59 PE+	0	0	1	1	-2.77633240035046	1	0	1	0	0	0.0203981992399226	219	A0201	RCC 17
A2B65	BC 59 PE+	0	0	1	0	-1.97289197118605	1	0	1	0	0	0.0101990996199613	220	A0201	RCC 17
A2B66	BC 59 PE+	0	0	0	0	0	1	0	1	0	0	0	221	A0201	RCC 17
A2B67	BC 59 PE+	0	0	0	1	-1.97289197118605	1	0	1	0	0	0.0101990996199613	222	A0201	RCC 17
A2B68	BC 59 PE+	0	1	0	0	-1.97289197118605	1	0	1	0	0	0.0101990996199613	223	A0201	RCC 17
A2B69	BC 59 PE+	1	1	0	0	0.899304539742944	1	0	1	0	0.0220391863590385	0.0101990996199613	224	A0201	RCC 17
A2B70	BC 59 PE+	2	0	0	1	1.79725849676664	1	0	1	0	0.044078372718077	0.0101990996199613	225	A0201	RCC 17
A2B71	BC 59 PE+	1	0	1	0	0.899304539742944	1	0	1	0	0.0220391863590385	0.0101990996199613	226	A0201	RCC 17
A2B72	BC 59 PE+	1	0	1	0	0.899304539742944	1	0	1	0	0.0220391863590385	0.0101990996199613	227	A0201	RCC 17
A2B73	BC 59 PE+	4	1	0	1	1.93995410822708	1	0	1	0	0.088156745436154	0.0203981992399226	228	A0201	RCC 17
A2B74	BC 59 PE+	0	0	0	1	-1.97289197118605	1	0	1	0	0	0.0101990996199613	229	A0201	RCC 17
A2B75	BC 59 PE+	0	0	0	0	0	1	0	1	0	0	0	230	A0201	RCC 17
A2B76	BC 59 PE+	0	0	1	0	-1.97289197118605	1	0	1	0	0	0.0101990996199613	231	A0201	RCC 17
A2B77	BC 59 PE+	0	0	0	2	-2.77633240035046	1	0	1	0	0	0.0203981992399226	232	A0201	RCC 17
A2B78	BC 59 PE+	0	0	1	0	-1.97289197118605	1	0	1	0	0	0.0101990996199613	233	A0201	RCC 17
A2B79	BC 59 PE+	0	1	0	0	-1.97289197118605	1	0	1	0	0	0.0101990996199613	234	A0201	RCC 17
A2B80	BC 59 PE+	0	1	1	0	-2.77633240035046	1	0	1	0	0	0.0203981992399226	235	A0201	RCC 17
A2B81	BC 59 PE+	0	0	0	2	-2.77633240035046	1	0	1	0	0	0.0203981992399226	236	A0201	RCC 17
A2B82	BC 59 PE+	0	0	0	0	0	1	0	1	0	0	0	237	A0201	RCC 17
A2B83	BC 59 PE+	0	1	1	1	-3.2893367972176	1	0	1	0	0	0.0305972988598839	238	A0201	RCC 17
A2B84	BC 59 PE+	0	2	1	0	-3.2893367972176	1	0	1	0	0	0.0305972988598839	239	A0201	RCC 17
A3B61	BC 59 PE+	0	0	1	2	-3.2893367972176	1	0	1	0	0	0.0305972988598839	240	A0201	RCC 17
A3B62	BC 59 PE+	0	0	2	0	-2.77633240035046	1	0	1	0	0	0.0203981992399226	241	A0201	RCC 17
A3B63	BC 59 PE+	0	1	0	0	-1.97289197118605	1	0	1	0	0	0.0101990996199613	242	A0201	RCC 17
A3B64	BC 59 PE+	0	1	0	0	-1.97289197118605	1	0	1	0	0	0.0101990996199613	243	A0201	RCC 17
A3B65	BC 59 PE+	0	2	1	0	-3.2893367972176	1	0	1	0	0	0.0305972988598839	244	A0201	RCC 17
A3B66	BC 59 PE+	0	0	1	0	-1.97289197118605	1	0	1	0	0	0.0101990996199613	245	A0201	RCC 17
A3B67	BC 59 PE+	0	0	0	0	0	1	0	1	0	0	0	246	A0201	RCC 17
A3B68	BC 59 PE+	0	0	1	0	-1.97289197118605	1	0	1	0	0	0.0101990996199613	247	A0201	RCC 17
A3B69	BC 59 PE+	0	0	0	0	0	1	0	1	0	0	0	248	A0201	RCC 17
A3B70	BC 59 PE+	1	0	2	0	0.0958641105785291	1	0	1	0	0.0220391863590385	0.0203981992399226	249	A0201	RCC 17
A3B71	BC 59 PE+	4	0	1	0	2.74339453739149	1	0	1	0	0.088156745436154	0.0101990996199613	250	A0201	RCC 17
A3B72	BC 59 PE+	0	0	0	0	0	1	0	1	0	0	0	251	A0201	RCC 17
A3B73	BC 59 PE+	2	0	0	0	3.77015046795268	1	0	1	0	0.044078372718077	0	252	A0201	RCC 17
A3B74	BC 59 PE+	1	1	0	0	0.899304539742944	1	0	1	0	0.0220391863590385	0.0101990996199613	253	A0201	RCC 17
A3B75	BC 59 PE+	0	0	1	0	-1.97289197118605	1	0	1	0	0	0.0101990996199613	254	A0201	RCC 17
A3B76	BC 59 PE+	0	1	0	0	-1.97289197118605	1	0	1	0	0	0.0101990996199613	255	A0201	RCC 17
A3B77	BC 59 PE+	0	1	0	0	-1.97289197118605	1	0	1	0	0	0.0101990996199613	256	A0201	RCC 17
A3B78	BC 59 PE+	1	0	0	0	2.87219651092899	1	0	1	0	0.0220391863590385	0	257	A0201	RCC 17
A3B79	BC 59 PE+	0	1	1	0	-2.77633240035046	1	0	1	0	0	0.0203981992399226	258	A0201	RCC 17
A3B80	BC 59 PE+	1	0	1	0	0.899304539742944	1	0	1	0	0.0220391863590385	0.0101990996199613	259	A0201	RCC 17
A3B81	BC 59 PE+	0	0	0	0	0	1	0	1	0	0	0	260	A0201	RCC 17
A3B82	BC 59 PE+	0	0	0	0	0	1	0	1	0	0	0	261	A0201	RCC 17
A3B83	BC 59 PE+	0	1	0	0	-1.97289197118605	1	0	1	0	0	0.0101990996199613	262	A0201	RCC 17
A3B84	BC 59 PE+	0	1	0	0	-1.97289197118605	1	0	1	0	0	0.0101990996199613	263	A0201	RCC 17
A5B61	BC 59 PE+	1	0	0	0	2.87219651092899	1	0	1	0	0.0220391863590385	0	264	A0201	RCC 17
A5B62	BC 59 PE+	0	0	0	0	0	1	0	1	0	0	0	265	A0201	RCC 17
A5B63	BC 59 PE+	0	1	1	0	-2.77633240035046	1	0	1	0	0	0.0203981992399226	266	A0201	RCC 17
A5B64	BC 59 PE+	0	0	1	0	-1.97289197118605	1	0	1	0	0	0.0101990996199613	267	A0201	RCC 17
A5B65	BC 59 PE+	0	0	0	0	0	1	0	1	0	0	0	268	A0201	RCC 17
A5B66	BC 59 PE+	0	0	0	0	0	1	0	1	0	0	0	269	A0201	RCC 17
A5B67	BC 59 PE+	0	0	0	0	0	1	0	1	0	0	0	270	A0201	RCC 17
A5B68	BC 59 PE+	0	0	0	0	0	1	0	1	0	0	0	271	A0201	RCC 17
A5B69	BC 59 PE+	0	0	0	0	0	1	0	1	0	0	0	272	A0201	RCC 17
A5B70	BC 59 PE+	1	0	0	0	2.87219651092899	1	0	1	0	0.0220391863590385	0	273	A0201	RCC 17
A5B71	BC 59 PE+	0	0	1	0	-1.97289197118605	1	0	1	0	0	0.0101990996199613	274	A0201	RCC 17
A5B72	BC 59 PE+	0	1	0	1	-2.66296501272243	1	0	1	0	0	0.030923974263486	275	A2402	RCC 17
A5B73	BC 59 PE+	0	0	0	0	0	1	0	1	0	0	0	276	A2402	RCC 17
A5B74	BC 59 PE+	0	0	0	0	0	1	0	1	0	0	0	277	A2402	RCC 17
A5B75	BC 59 PE+	0	0	0	0	0	1	0	1	0	0	0	278	A2402	RCC 17
A5B76	BC 59 PE+	0	0	0	0	0	1	0	1	0	0	0	279	A2402	RCC 17
A5B77	BC 59 PE+	0	0	0	0	0	1	0	1	0	0	0	280	A2402	RCC 17
A5B78	BC 59 PE+	0	0	0	1	-1.87446911791614	1	0	1	0	0	0.015461987131743	281	A2402	RCC 17
A5B79	BC 59 PE+	0	0	2	0	-2.66296501272243	1	0	1	0	0	0.030923974263486	282	A2402	RCC 17
A5B80	BC 59 PE+	0	0	0	0	0	1	0	1	0	0	0	283	A2402	RCC 17
A5B81	BC 59 PE+	0	0	0	0	0	1	0	1	0	0	0	284	A2402	RCC 17
A5B82	BC 59 PE+	0	0	1	0	-1.87446911791614	1	0	1	0	0	0.015461987131743	285	A2402	RCC 17
A5B83	BC 59 PE+	0	1	1	2	-3.54432051622381	1	0	1	0	0	0.061847948526972	286	A2402	RCC 17
A5B84	BC 59 PE+	0	2	0	0	-2.66296501272243	1	0	1	0	0	0.030923974263486	287	A2402	RCC 17
A6B61	BC 59 PE+	0	2	0	0	-2.66296501272243	1	0	1	0	0	0.030923974263486	288	A2402	RCC 17
A6B62	BC 59 PE+	0	1	0	0	-1.87446911791614	1	0	1	0	0	0.015461987131743	289	A2402	RCC 17
A6B63	BC 59 PE+	0	0	1	0	-1.87446911791614	1	0	1	0	0	0.015461987131743	290	A2402	RCC 17
A6B64	BC 59 PE+	0	0	0	0	0	1	0	1	0	0	0	291	A2402	RCC 17
A6B65	BC 59 PE+	0	0	0	0	0	1	0	1	0	0	0	292	A2402	RCC 17
A6B66	BC 59 PE+	0	0	0	0	0	1	0	1	0	0	0	224	A2402	RCC 17
A6B67	BC 59 PE+	1	0	0	0	3.16992500144231	1	0	1	0	0.046385961395229	0	227	A2402	RCC 17
A6B68	BC 59 PE+	0	0	1	0	-1.87446911791614	1	0	1	0	0	0.015461987131743	295	A2402	RCC 17
A6B69	BC 59 PE+	0	0	0	0	0	1	0	1	0	0	0	296	A2402	RCC 17
A6B70	BC 59 PE+	0	0	0	0	0	1	0	1	0	0	0	297	A2402	RCC 17
A6B71	BC 59 PE+	0	0	1	0	-1.87446911791614	1	0	1	0	0	0.015461987131743	298	A2402	RCC 17
A6B72	BC 59 PE+	0	0	0	1	-1.87446911791614	1	0	1	0	0	0.015461987131743	299	A2402	RCC 17
A6B73	BC 59 PE+	0	0	0	0	0	1	0	1	0	0	0	300	A2402	RCC 17
A6B74	BC 59 PE+	0	0	0	0	0	1	0	1	0	0	0	301	A2402	RCC 17
A6B75	BC 59 PE+	1	1	0	0	1.29545588352617	1	0	1	0	0.046385961395229	0.015461987131743	302	A2402	RCC 17
A6B76	BC 59 PE+	0	0	0	0	0	1	0	1	0	0	0	303	A2402	RCC 17
A6B77	BC 59 PE+	0	0	0	0	0	1	0	1	0	0	0	244	A2402	RCC 17
A6B78	BC 59 PE+	0	0	1	0	-1.87446911791614	1	0	1	0	0	0.015461987131743	305	A2402	RCC 17
A6B79	BC 59 PE+	0	0	1	0	-1.87446911791614	1	0	1	0	0	0.015461987131743	306	A2402	RCC 17
A6B80	BC 59 PE+	0	0	0	1	-1.87446911791614	1	0	1	0	0	0.015461987131743	307	A2402	RCC 17
A6B81	BC 59 PE+	0	0	0	0	0	1	0	1	0	0	0	308	A2402	RCC 17
A6B82	BC 59 PE+	0	0	0	0	0	1	0	1	0	0	0	309	A2402	RCC 17
A6B83	BC 59 PE+	0	0	1	0	-1.87446911791614	1	0	1	0	0	0.015461987131743	310	A2402	RCC 17
A6B84	BC 59 PE+	1	0	0	0	3.16992500144231	1	0	1	0	0.046385961395229	0	311	A2402	RCC 17
A7B61	BC 59 PE+	1	1	1	1	0	1	0	1	0	0.046385961395229	0.046385961395229	312	A2402	RCC 17
A7B62	BC 59 PE+	0	0	1	2	-3.16992500144231	1	0	1	0	0	0.046385961395229	313	A2402	RCC 17
A7B63	BC 59 PE+	0	0	2	0	-2.66296501272243	1	0	1	0	0	0.030923974263486	314	A2402	RCC 17
A7B64	BC 59 PE+	0	0	0	0	0	1	0	1	0	0	0	315	A2402	RCC 17
A7B65	BC 59 PE+	0	0	0	0	0	1	0	1	0	0	0	316	A2402	RCC 17
A7B66	BC 59 PE+	1	0	0	0	3.16992500144231	1	0	1	0	0.046385961395229	0	317	A2402	RCC 17
A7B67	BC 59 PE+	0	0	1	0	-1.87446911791614	1	0	1	0	0	0.015461987131743	318	A2402	RCC 17
A7B68	BC 59 PE+	0	1	0	0	-1.87446911791614	1	0	1	0	0	0.015461987131743	319	A2402	RCC 17
A7B69	BC 59 PE+	1	0	1	0	1.29545588352617	1	0	1	0	0.046385961395229	0.015461987131743	320	A2402	RCC 17
A7B70	BC 59 PE+	0	0	1	0	-1.87446911791614	1	0	1	0	0	0.015461987131743	321	A2402	RCC 17
A7B71	BC 59 PE+	0	1	0	0	-1.87446911791614	1	0	1	0	0	0.015461987131743	322	A2402	RCC 17
A7B72	BC 59 PE+	0	1	1	0	-2.66296501272243	1	0	1	0	0	0.030923974263486	323	A2402	RCC 17
A7B73	BC 59 PE+	0	1	1	0	-2.66296501272243	1	0	1	0	0	0.030923974263486	324	A2402	RCC 17
A7B74	BC 59 PE+	1	0	0	0	3.16992500144231	1	0	1	0	0.046385961395229	0	325	A2402	RCC 17
A7B75	BC 59 PE+	2	0	0	0	4.08746284125034	1	0	1	0	0.092771922790458	0	326	A2402	RCC 17
A7B76	BC 59 PE+	0	1	1	0	-2.66296501272243	1	0	1	0	0	0.030923974263486	327	A2402	RCC 17
A7B77	BC 59 PE+	0	1	0	0	-1.87446911791614	1	0	1	0	0	0.015461987131743	328	A2402	RCC 17
A7B78	BC 59 PE+	0	0	1	0	-1.87446911791614	1	0	1	0	0	0.015461987131743	329	A2402	RCC 17
A7B79	BC 59 PE+	0	2	0	0	-2.66296501272243	1	0	1	0	0	0.030923974263486	330	A2402	RCC 17
A7B80	BC 59 PE+	0	2	0	0	-2.66296501272243	1	0	1	0	0	0.030923974263486	331	A2402	RCC 17
A7B81	BC 59 PE+	0	0	0	0	0	1	0	1	0	0	0	332	A2402	RCC 17
A7B82	BC 59 PE+	0	0	0	0	0	1	0	1	0	0	0	333	A2402	RCC 17
A7B83	BC 59 PE+	0	2	0	0	-2.66296501272243	1	0	1	0	0	0.030923974263486	334	A2402	RCC 17
A7B84	BC 59 PE+	0	1	1	1	-3.16992500144231	1	0	1	0	0	0.046385961395229	335	A2402	RCC 17
A8B61	BC 59 PE+	0	2	1	1	-3.54432051622381	1	0	1	0	0	0.061847948526972	336	A2402	RCC 17
A8B62	BC 59 PE+	0	1	0	2	-3.16992500144231	1	0	1	0	0	0.046385961395229	337	A2402	RCC 17
A8B63	BC 59 PE+	0	2	2	0	-3.54432051622381	1	0	1	0	0	0.061847948526972	338	A2402	RCC 17
A8B64	BC 59 PE+	0	1	1	0	-2.66296501272243	1	0	1	0	0	0.030923974263486	339	A2402	RCC 17
A8B65	BC 59 PE+	0	1	1	0	-2.66296501272243	1	0	1	0	0	0.030923974263486	340	A2402	RCC 17
A8B66	BC 59 PE+	0	0	0	1	-1.87446911791614	1	0	1	0	0	0.015461987131743	341	A2402	RCC 17
A8B67	BC 59 PE+	3	0	0	0	4.64385618977472	1	0	1	0	0.139157884185687	0	342	A2402	RCC 17
A8B68	BC 59 PE+	0	0	1	0	-1.87446911791614	1	0	1	0	0	0.015461987131743	343	A2402	RCC 17
A8B69	BC 59 PE+	0	0	0	0	0	1	0	1	0	0	0	344	A2402	RCC 17
A8B70	BC 59 PE+	0	0	2	0	-2.66296501272243	1	0	1	0	0	0.030923974263486	345	A2402	RCC 17
A8B71	BC 59 PE+	0	0	0	0	0	1	0	1	0	0	0	346	A2402	RCC 17
A8B72	BC 59 PE+	1	0	0	0	3.16992500144231	1	0	1	0	0.046385961395229	0	347	A2402	RCC 17
A8B73	BC 59 PE+	0	0	0	0	0	1	0	1	0	0	0	348	A2402	RCC 17
A8B74	BC 59 PE+	0	0	0	0	0	1	0	1	0	0	0	349	A2402	RCC 17
A8B75	BC 59 PE+	1	2	0	1	0	1	0	1	0	0.046385961395229	0.046385961395229	350	A2402	RCC 17
A8B76	BC 59 PE+	1	1	0	0	1.29545588352617	1	0	1	0	0.046385961395229	0.015461987131743	274	A2402	RCC 17
A8B77	BC 59 PE+	1	0	0	0	3.16992500144231	1	0	1	0	0.051853581103329	0	352	B3501	RCC 17
A8B78	BC 59 PE+	0	0	0	0	0	1	0	1	0	0	0	353	B3501	RCC 17
A8B79	BC 59 PE+	0	0	1	1	-2.66296501272243	1	0	1	0	0	0.034569054068886	354	B3501	RCC 17
A8B80	BC 59 PE+	0	0	0	0	0	1	0	1	0	0	0	355	B3501	RCC 17
A8B81	BC 59 PE+	0	0	0	0	0	1	0	1	0	0	0	356	B3501	RCC 17
A8B82	BC 59 PE+	3	0	0	0	4.64385618977473	1	0	1	0	0.155560743309987	0	357	B3501	RCC 17
A8B83	BC 59 PE+	0	1	1	0	-2.66296501272243	1	0	1	0	0	0.034569054068886	358	B3501	RCC 17
A8B84	BC 59 PE+	0	1	1	1	-3.16992500144231	1	0	1	0	0	0.051853581103329	359	B3501	RCC 17
A9B61	BC 59 PE+	0	1	0	0	-1.87446911791614	1	0	1	0	0	0.017284527034443	360	B3501	RCC 17
A9B62	BC 59 PE+	0	0	0	0	0	1	0	1	0	0	0	361	B3501	RCC 17
A9B63	BC 59 PE+	0	1	3	0	-3.54432051622381	1	0	1	0	0	0.069138108137772	362	B3501	RCC 17
A9B64	BC 59 PE+	0	0	0	0	0	1	0	1	0	0	0	363	B3501	RCC 17
A9B65	BC 59 PE+	0	1	1	0	-2.66296501272243	1	0	1	0	0	0.034569054068886	364	B3501	RCC 17
A9B66	BC 59 PE+	0	0	0	0	0	1	0	1	0	0	0	365	B3501	RCC 17
A9B67	BC 59 PE+	0	0	0	0	0	1	0	1	0	0	0	366	B3501	RCC 17
A9B68	BC 59 PE+	0	0	0	0	0	1	0	1	0	0	0	367	B3501	RCC 17
A9B69	BC 59 PE+	1	0	0	0	3.16992500144231	1	0	1	0	0.051853581103329	0	368	B3501	RCC 17
A9B70	BC 59 PE+	0	0	0	0	0	1	0	1	0	0	0	369	B3501	RCC 17
A9B71	BC 59 PE+	0	1	1	0	-2.66296501272243	1	0	1	0	0	0.034569054068886	370	B3501	RCC 17
A9B72	BC 59 PE+	0	0	0	1	-1.87446911791614	1	0	1	0	0	0.017284527034443	371	B3501	RCC 17
A9B73	BC 59 PE+	0	0	0	0	0	1	0	1	0	0	0	372	B3501	RCC 17
A9B74	BC 59 PE+	0	0	1	0	-1.87446911791614	1	0	1	0	0	0.017284527034443	373	B3501	RCC 17
A9B75	BC 59 PE+	0	0	0	1	-1.87446911791614	1	0	1	0	0	0.017284527034443	374	B3501	RCC 17
A9B76	BC 59 PE+	0	1	0	0	-1.87446911791614	1	0	1	0	0	0.017284527034443	375	B3501	RCC 17
A9B77	BC 59 PE+	0	1	0	0	-1.87446911791614	1	0	1	0	0	0.017284527034443	288	B3501	RCC 17
A9B78	BC 59 PE+	0	0	0	0	0	1	0	1	0	0	0	377	B3501	RCC 17
A9B79	BC 59 PE+	2	1	0	0	2.2129937233342	1	0	1	0	0.103707162206658	0.017284527034443	378	B3501	RCC 17
A9B80	BC 59 PE+	0	0	0	0	0	1	0	1	0	0	0	379	B3501	RCC 17
A9B81	BC 59 PE+	0	0	0	0	0	1	0	1	0	0	0	380	B3501	RCC 17
A9B82	BC 59 PE+	0	0	1	2	-3.16992500144231	1	0	1	0	0	0.051853581103329	381	B3501	RCC 17
A9B83	BC 59 PE+	0	1	1	0	-2.66296501272243	1	0	1	0	0	0.034569054068886	382	B3501	RCC 17
A9B84	BC 59 PE+	1	2	0	0	0.506959988719883	1	0	1	0	0.051853581103329	0.034569054068886	383	B3501	RCC 17
A10B61	BC 59 PE+	0	1	0	1	-2.66296501272243	1	0	1	0	0	0.034569054068886	384	B3501	RCC 17
A10B62	BC 59 PE+	0	0	0	0	0	1	0	1	0	0	0	385	B3501	RCC 17
A10B63	BC 59 PE+	1	2	0	0	0.506959988719883	1	0	1	0	0.051853581103329	0.034569054068886	386	B3501	RCC 17
A10B64	BC 59 PE+	0	0	2	1	-3.16992500144231	1	0	1	0	0	0.051853581103329	387	B3501	RCC 17
A10B65	BC 59 PE+	0	0	0	0	0	1	0	1	0	0	0	388	B3501	RCC 17
A10B66	BC 59 PE+	0	0	0	0	0	1	0	1	0	0	0	389	B3501	RCC 17
A10B67	BC 59 PE+	0	0	1	0	-1.87446911791614	1	0	1	0	0	0.017284527034443	390	B3501	RCC 17
A10B68	BC 59 PE+	0	0	1	0	-1.87446911791614	1	0	1	0	0	0.017284527034443	391	B3501	RCC 17
A10B69	BC 59 PE+	0	0	0	0	0	1	0	1	0	0	0	392	B3501	RCC 17
A10B70	BC 59 PE+	0	0	0	0	0	1	0	1	0	0	0	393	B3501	RCC 17
A10B71	BC 59 PE+	0	0	1	1	-2.66296501272243	1	0	1	0	0	0.034569054068886	394	B3501	RCC 17
A10B72	BC 59 PE+	0	0	0	1	-1.87446911791614	1	0	1	0	0	0.017284527034443	395	B3501	RCC 17
A10B73	BC 59 PE+	0	0	0	0	0	1	0	1	0	0	0	396	B3501	RCC 17
A10B74	BC 59 PE+	0	1	0	0	-1.87446911791614	1	0	1	0	0	0.017284527034443	397	B3501	RCC 17
A10B75	BC 59 PE+	0	1	1	0	-2.66296501272243	1	0	1	0	0	0.034569054068886	398	B3501	RCC 17
A10B76	BC 59 PE+	0	0	0	0	0	1	0	1	0	0	0	399	B3501	RCC 17
A10B77	BC 59 PE+	0	0	0	0	0	1	0	1	0	0	0	400	B3501	RCC 17
A10B78	BC 59 PE+	18	0	0	0	7.17990909001494	1.78214586971291e-06	5.74905675157934	1.78214586971291e-06	5.74905675157934	0.933364459859923	0	401	B3501	RCC 17
A10B79	BC 59 PE+	0	1	0	0	-1.87446911791614	1	0	1	0	0	0.017284527034443	402	B3501	RCC 17
A10B80	BC 59 PE+	1	1	1	1	0	1	0	1	0	0.051853581103329	0.051853581103329	403	B3501	RCC 17
A10B81	BC 59 PE+	0	0	0	0	0	1	0	1	0	0	0	404	B3501	RCC 17
A10B82	BC 59 PE+	0	0	0	0	0	1	0	1	0	0	0	405	B3501	RCC 17
A10B83	BC 59 PE+	0	0	2	0	-2.66296501272243	1	0	1	0	0	0.034569054068886	406	B3501	RCC 17
A10B84	BC 59 PE+	0	1	0	0	-1.91207566463521	1	0	1	0	0	0.0112880638205551	407	C0401	RCC 17
A11B61	BC 59 PE+	0	1	0	0	-1.91207566463521	1	0	1	0	0	0.0112880638205551	408	C0401	RCC 17
A11B62	BC 59 PE+	0	0	0	1	-1.92554720666675	1	0	1	0	0	0.0150507517607401	409	C0401	RCC 17
A11B63	BC 59 PE+	1	0	2	0	0.299282551792335	1	0	1	0	0.0338641914616652	0.0280003714397988	410	C0401	RCC 17
A11B64	BC 59 PE+	0	0	0	1	-1.92554720666675	1	0	1	0	0	0.0150507517607401	355	C0401	RCC 17
A11B65	BC 59 PE+	0	1	0	0	-1.91207566463521	1	0	1	0	0	0.0112880638205551	412	C0401	RCC 17
A11B66	BC 59 PE+	0	2	1	1	-3.59586607416264	1	0	1	0	0	0.0516270651217496	413	C0401	RCC 17
A11B67	BC 59 PE+	0	0	0	0	0	1	0	1	0	0	0	357	C0401	RCC 17
A11B68	BC 59 PE+	0	0	0	0	0	1	0	1	0	0	0	415	C0401	RCC 17
A11B69	BC 59 PE+	1	0	0	0	3.02015709279773	1	0	1	0	0.0338641914616652	0	416	C0401	RCC 17
A11B70	BC 59 PE+	17	0	1	3	3.30922904591124	0.0223119107435694	1.65146323608751	0.0223119107435694	1.65146323608751	0.575691254848308	0.0591524410021197	417	C0401	RCC 17
A11B71	BC 59 PE+	1	0	0	0	3.02015709279773	1	0	1	0	0.0338641914616652	0	418	C0401	RCC 17
A11B72	BC 59 PE+	0	1	1	0	-2.71080908052821	1	0	1	0	0	0.0252882495404545	204	C0401	RCC 17
A11B73	BC 59 PE+	1	1	0	0	1.10808142816252	1	0	1	0	0.0338641914616652	0.0112880638205551	362	C0401	RCC 17
A11B74	BC 59 PE+	1	0	1	2	-0.219108894613878	1	0	1	0	0.0338641914616652	0.0441016892413796	421	C0401	RCC 17
A11B75	BC 59 PE+	1	0	0	1	1.09460988613099	1	0	1	0	0.0338641914616652	0.0150507517607401	422	C0401	RCC 17
A11B76	BC 59 PE+	0	1	0	1	-2.71379021082074	1	0	1	0	0	0.0263388155812952	280	C0401	RCC 17
A11B77	BC 59 PE+	0	1	0	0	-1.91207566463521	1	0	1	0	0	0.0112880638205551	281	C0401	RCC 17
A11B78	BC 59 PE+	1	0	0	0	3.02015709279773	1	0	1	0	0.0338641914616652	0	282	C0401	RCC 17
A11B79	BC 59 PE+	0	1	1	0	-2.71080908052821	1	0	1	0	0	0.0252882495404545	283	C0401	RCC 17
A11B80	BC 59 PE+	0	0	0	1	-1.92554720666675	1	0	1	0	0	0.0150507517607401	427	C0401	RCC 17
A11B81	BC 59 PE+	0	1	0	0	-1.91207566463521	1	0	1	0	0	0.0112880638205551	428	C0401	RCC 17
A11B82	BC 59 PE+	1	1	0	1	0.306366881976991	1	0	1	0	0.0338641914616652	0.0263388155812952	429	C0401	RCC 17
A11B83	BC 59 PE+	0	0	0	1	-1.92554720666675	1	0	1	0	0	0.0150507517607401	430	C0401	RCC 17
A11B84	BC 59 PE+	1	0	0	0	3.02015709279773	1	0	1	0	0.0338641914616652	0	288	C0401	RCC 17
A12B61	BC 59 PE+	0	0	2	0	-2.7208745410054	1	0	1	0	0	0.0280003714397988	289	C0401	RCC 17
A12B62	BC 59 PE+	0	0	2	0	-2.7208745410054	1	0	1	0	0	0.0280003714397988	433	C0401	RCC 17
A12B63	BC 59 PE+	0	0	2	1	-3.23633309994856	1	0	1	0	0	0.0430511232005389	434	C0401	RCC 17
A12B64	BC 59 PE+	0	0	0	0	0	1	0	1	0	0	0	435	C0401	RCC 17
A12B65	BC 59 PE+	0	1	0	0	-1.91207566463521	1	0	1	0	0	0.0112880638205551	297	C0401	RCC 17
A12B66	BC 59 PE+	1	0	2	0	0.299282551792335	1	0	1	0	0.0338641914616652	0.0280003714397988	437	C0401	RCC 17
A12B67	BC 59 PE+	0	0	0	0	0	1	0	1	0	0	0	438	C0401	RCC 17
A12B68	BC 59 PE+	0	0	0	0	0	1	0	1	0	0	0	300	C0401	RCC 17
A12B69	BC 59 PE+	0	0	0	0	0	1	0	1	0	0	0	245	C0401	RCC 17
A12B70	BC 59 PE+	0	0	0	1	-1.92554720666675	1	0	1	0	0	0.0150507517607401	441	C0401	RCC 17
A12B71	BC 59 PE+	0	2	0	0	-2.70080232542899	1	0	1	0	0	0.0225761276411101	442	C0401	RCC 17
A12B72	BC 59 PE+	1	0	2	1	-0.216176007150824	1	0	1	0	0.0338641914616652	0.0430511232005389	317	C0401	RCC 17
A12B73	BC 59 PE+	0	0	0	0	0	1	0	1	0	0	0	319	C0401	RCC 17
A12B74	BC 59 PE+	1	1	0	0	1.10808142816252	1	0	1	0	0.0338641914616652	0.0112880638205551	445	C0401	RCC 17
A12B75	BC 59 PE+	1	1	0	0	1.10808142816252	1	0	1	0	0.0338641914616652	0.0112880638205551	321	C0401	RCC 17
A12B76	BC 59 PE+	0	0	0	1	-1.92554720666675	1	0	1	0	0	0.0150507517607401	247	C0401	RCC 17
A12B77	BC 59 PE+	0	0	0	0	0	1	0	1	0	0	0	448	C0401	RCC 17
A12B78	BC 59 PE+	0	0	0	0	0	1	0	1	0	0	0	449	C0401	RCC 17
A12B79	BC 59 PE+	0	0	0	0	0	1	0	1	0	0	0	323	C0401	RCC 17
A12B80	BC 59 PE+	1	3	1	0	-0.563514812631523	1	0	1	0	0.0338641914616652	0.0478643771815646	324	C0401	RCC 17
A12B81	BC 59 PE+	0	0	1	0	-1.92247442380624	1	0	1	0	0	0.0140001857198994	326	C0401	RCC 17
A12B82	BC 59 PE+	0	0	0	0	0	1	0	1	0	0	0	453	C0401	RCC 17
A12B83	BC 59 PE+	0	0	1	1	-2.72387361466094	1	0	1	0	0	0.0290509374806395	454	C0401	RCC 17
A12B84	BC 59 PE+	0	1	1	0	-2.71080908052821	1	0	1	0	0	0.0252882495404545	455	C0401	RCC 17
A14B61	BC 59 PE+	0	0	0	0	0	1	0	1	0	0	0	333	C0401	RCC 17
A14B62	BC 59 PE+	0	0	0	0	0	1	0	1	0	0	0	332	C0401	RCC 17
A14B63	BC 59 PE+	0	0	0	0	0	1	0	1	0	0	0	458	C0401	RCC 17
A14B64	BC 59 PE+	0	0	0	0	0	1	0	1	0	0	0	459	C0401	RCC 17
A14B65	BC 59 PE+	0	1	0	0	-1.91207566463521	1	0	1	0	0	0.0112880638205551	337	C0401	RCC 17
A14B66	BC 59 PE+	0	1	0	0	-1.91207566463521	1	0	1	0	0	0.0112880638205551	461	C0401	RCC 17
A14B67	BC 59 PE+	0	0	0	1	-1.92554720666675	1	0	1	0	0	0.0150507517607401	346	C0401	RCC 17
A14B68	BC 59 PE+	1	0	0	0	3.02015709279773	1	0	1	0	0.0338641914616652	0	347	C0401	RCC 17
A14B69	BC 59 PE+	0	2	0	1	-3.21685226271618	1	0	1	0	0	0.0376268794018502	348	C0401	RCC 17
A14B70	BC 59 PE+	0	0	0	0	0	1	0	1	0	0	0	465	C0401	RCC 17
A14B71	BC 59 PE+	0	0	0	0	0	1	0	1	0	0	0	350	C0401	RCC 17
A14B72	BC 59 PE+	0	0	0	1	-1.92554720666675	1	0	1	0	0	0.0150507517607401	272	C0401	RCC 17
A14B73	BC 59 PE+	0	1	2	0	-3.22365500551451	1	0	1	0	0	0.0392884352603538	351	C0401	RCC 17
A14B74	BC 59 PE+	1	1	0	0	1.10808142816252	1	0	1	0	0.0338641914616652	0.0112880638205551	469	C0401	RCC 17
A14B75	BC 59 PE+	0	0	0	0	0	1	0	1	0	0	0	470	C0401	RCC 17
A14B76	BC 59 PE+	0	0	0	0	0	1	0	1	0	0	0	471	C0401	RCC 17
A14B77	BC 59 PE+	0	0	0	0	0	1	0	1	0	0	0	472	C0401	RCC 17
A14B78	BC 59 PE+	1	1	0	0	1.10808142816252	1	0	1	0	0.0338641914616652	0.0112880638205551	473	C0401	RCC 17
A16B61	BC 59 PE+	0	0	0	0	0	1	0	1	0	0	0	24	A0201	Virus
A16B62	BC 59 PE+	1	1	0	0	0.899304539742944	1	0	1	0	0.0220391863590385	0.0101990996199613	13	A0201	Virus
A16B63	BC 59 PE+	0	0	0	0	0	1	0	1	0	0	0	6	A0201	Virus
A16B64	BC 59 PE+	0	0	0	0	0	1	0	1	0	0	0	16	A0201	Virus
A16B65	BC 59 PE+	0	0	0	0	0	1	0	1	0	0	0	5	A0201	Virus
A16B66	BC 59 PE+	0	1	1	1	-3.2893367972176	1	0	1	0	0	0.0305972988598839	10	A0201	Virus
A16B67	BC 59 PE+	0	0	0	0	0	1	0	1	0	0	0	4	A2402	Virus
A16B68	BC 59 PE+	0	0	0	0	0	1	0	1	0	0	0	7	A2402	Virus
A16B69	BC 59 PE+	0	0	0	0	0	1	0	1	0	0	0	35	B3501	Virus
A16B70	BC 59 PE+	0	0	0	1	-1.87446911791614	1	0	1	0	0	0.017284527034443	34	B3501	Virus
A17B61	BC 59 PE+	1	1	0	0	0.899304539742944	1	0	1	0	0.0220391863590385	0.0101990996199613	3	A0201	Virus
A17B62	BC 59 PE+	0	0	0	0	0	1	0	1	0	0	0	8	A2402	Virus
A17B63	BC 59 PE+	0	0	0	0	0	1	0	1	0	0	0	12	A2402	Virus
A17B64	BC 59 PE+	0	0	0	0	0	1	0	1	0	0	0	33	B3501	Virus
A17B65	BC 59 PE+	0	0	0	1	-1.87446911791614	1	0	1	0	0	0.017284527034443	32	B3501	Virus
