barcode	sample	count.1	input.1	input.2	input.3	log_fold_change	p	-log10(p)	masked_p (p = 1 if logFC < 0)	-log10(masked_p)	count.normalised (edgeR)	input.normalised (edgeR)	Peptide	HLA	RCC.sample
A1B61	RCC 17 PE+	1	0	0	0	3.16992500144231	1	0	1	0	0.00942909265766608	0	192	A0201	RCC 17
A1B62	RCC 17 PE+	1	0	1	0	1.29545588352617	1	0	1	0	0.00942909265766608	0.00314303088588869	193	A0201	RCC 17
A1B63	RCC 17 PE+	1	1	0	0	1.29545588352617	1	0	1	0	0.00942909265766608	0.00314303088588869	194	A0201	RCC 17
A1B64	RCC 17 PE+	0	0	0	0	1.28137060152597e-15	1	0	1	0	0	0	195	A0201	RCC 17
A1B65	RCC 17 PE+	1	2	1	0	1.28137060152597e-15	1	0	1	0	0.00942909265766608	0.00942909265766608	196	A0201	RCC 17
A1B66	RCC 17 PE+	0	0	3	1	-3.54432051622381	1	0	1	0	0	0.0125721235435548	197	A0201	RCC 17
A1B67	RCC 17 PE+	1	0	1	1	0.506959988719885	1	0	1	0	0.00942909265766608	0.00628606177177738	198	A0201	RCC 17
A1B68	RCC 17 PE+	1	1	1	0	0.506959988719885	1	0	1	0	0.00942909265766608	0.00628606177177738	199	A0201	RCC 17
A1B69	RCC 17 PE+	0	0	2	3	-3.84130225398094	1	0	1	0	0	0.0157151544294435	200	A0201	RCC 17
A1B70	RCC 17 PE+	0	0	0	0	1.28137060152597e-15	1	0	1	0	0	0	201	A0201	RCC 17
A1B71	RCC 17 PE+	1	2	3	3	-1.3112016882943	1	0	1	0	0.00942909265766608	0.0251442470871095	202	A0201	RCC 17
A1B72	RCC 17 PE+	0	0	0	2	-2.66296501272243	1	0	1	0	0	0.00628606177177738	203	A0201	RCC 17
A1B73	RCC 17 PE+	0	0	1	1	-2.66296501272243	1	0	1	0	0	0.00628606177177738	204	A0201	RCC 17
A1B74	RCC 17 PE+	1	0	1	0	1.29545588352617	1	0	1	0	0.00942909265766608	0.00314303088588869	205	A0201	RCC 17
A1B75	RCC 17 PE+	0	0	0	0	1.28137060152597e-15	1	0	1	0	0	0	206	A0201	RCC 17
A1B76	RCC 17 PE+	0	1	1	1	-3.16992500144231	1	0	1	0	0	0.00942909265766608	207	A0201	RCC 17
A1B77	RCC 17 PE+	1	0	1	0	1.29545588352617	1	0	1	0	0.00942909265766608	0.00314303088588869	208	A0201	RCC 17
A1B78	RCC 17 PE+	1	0	3	0	1.28137060152597e-15	1	0	1	0	0.00942909265766608	0.00942909265766608	209	A0201	RCC 17
A1B79	RCC 17 PE+	0	0	1	0	-1.87446911791614	1	0	1	0	0	0.00314303088588869	210	A0201	RCC 17
A1B80	RCC 17 PE+	0	0	1	0	-1.87446911791614	1	0	1	0	0	0.00314303088588869	211	A0201	RCC 17
A1B81	RCC 17 PE+	0	0	0	0	1.28137060152597e-15	1	0	1	0	0	0	212	A0201	RCC 17
A1B82	RCC 17 PE+	0	1	0	1	-2.66296501272243	1	0	1	0	0	0.00628606177177738	213	A0201	RCC 17
A1B83	RCC 17 PE+	0	0	2	2	-3.54432051622381	1	0	1	0	0	0.0125721235435548	214	A0201	RCC 17
A1B84	RCC 17 PE+	0	1	2	3	-4.08746284125034	1	0	1	0	0	0.0188581853153322	215	A0201	RCC 17
A2B61	RCC 17 PE+	0	0	0	1	-1.87446911791614	1	0	1	0	0	0.00314303088588869	216	A0201	RCC 17
A2B62	RCC 17 PE+	0	0	0	0	1.28137060152597e-15	1	0	1	0	0	0	217	A0201	RCC 17
A2B63	RCC 17 PE+	0	1	0	1	-2.66296501272243	1	0	1	0	0	0.00628606177177738	218	A0201	RCC 17
A2B64	RCC 17 PE+	1	0	1	1	0.506959988719885	1	0	1	0	0.00942909265766608	0.00628606177177738	219	A0201	RCC 17
A2B65	RCC 17 PE+	1	0	1	0	1.29545588352617	1	0	1	0	0.00942909265766608	0.00314303088588869	220	A0201	RCC 17
A2B66	RCC 17 PE+	0	0	0	0	1.28137060152597e-15	1	0	1	0	0	0	221	A0201	RCC 17
A2B67	RCC 17 PE+	0	0	0	1	-1.87446911791614	1	0	1	0	0	0.00314303088588869	222	A0201	RCC 17
A2B68	RCC 17 PE+	0	1	0	0	-1.87446911791614	1	0	1	0	0	0.00314303088588869	223	A0201	RCC 17
A2B69	RCC 17 PE+	0	1	0	0	-1.87446911791614	1	0	1	0	0	0.00314303088588869	224	A0201	RCC 17
A2B70	RCC 17 PE+	0	0	0	1	-1.87446911791614	1	0	1	0	0	0.00314303088588869	225	A0201	RCC 17
A2B71	RCC 17 PE+	1	0	1	0	1.29545588352617	1	0	1	0	0.00942909265766608	0.00314303088588869	226	A0201	RCC 17
A2B72	RCC 17 PE+	0	0	1	0	-1.87446911791614	1	0	1	0	0	0.00314303088588869	227	A0201	RCC 17
A2B73	RCC 17 PE+	0	1	0	1	-2.66296501272243	1	0	1	0	0	0.00628606177177738	228	A0201	RCC 17
A2B74	RCC 17 PE+	1	0	0	1	1.29545588352617	1	0	1	0	0.00942909265766608	0.00314303088588869	229	A0201	RCC 17
A2B75	RCC 17 PE+	1	0	0	0	3.16992500144231	1	0	1	0	0.00942909265766608	0	230	A0201	RCC 17
A2B76	RCC 17 PE+	0	0	1	0	-1.87446911791614	1	0	1	0	0	0.00314303088588869	231	A0201	RCC 17
A2B77	RCC 17 PE+	1	0	0	2	0.506959988719885	1	0	1	0	0.00942909265766608	0.00628606177177738	232	A0201	RCC 17
A2B78	RCC 17 PE+	0	0	1	0	-1.87446911791614	1	0	1	0	0	0.00314303088588869	233	A0201	RCC 17
A2B79	RCC 17 PE+	0	1	0	0	-1.87446911791614	1	0	1	0	0	0.00314303088588869	234	A0201	RCC 17
A2B80	RCC 17 PE+	1	1	1	0	0.506959988719885	1	0	1	0	0.00942909265766608	0.00628606177177738	235	A0201	RCC 17
A2B81	RCC 17 PE+	0	0	0	2	-2.66296501272243	1	0	1	0	0	0.00628606177177738	236	A0201	RCC 17
A2B82	RCC 17 PE+	0	0	0	0	1.28137060152597e-15	1	0	1	0	0	0	237	A0201	RCC 17
A2B83	RCC 17 PE+	2	1	1	1	0.917537839808028	1	0	1	0	0.0188581853153322	0.00942909265766608	238	A0201	RCC 17
A2B84	RCC 17 PE+	0	2	1	0	-3.16992500144231	1	0	1	0	0	0.00942909265766608	239	A0201	RCC 17
A3B61	RCC 17 PE+	2	0	1	2	0.917537839808028	1	0	1	0	0.0188581853153322	0.00942909265766608	240	A0201	RCC 17
A3B62	RCC 17 PE+	0	0	2	0	-2.66296501272243	1	0	1	0	0	0.00628606177177738	241	A0201	RCC 17
A3B63	RCC 17 PE+	4	1	0	0	3.16992500144231	1	0	1	0	0.0377163706306643	0.00314303088588869	242	A0201	RCC 17
A3B64	RCC 17 PE+	0	1	0	0	-1.87446911791614	1	0	1	0	0	0.00314303088588869	243	A0201	RCC 17
A3B65	RCC 17 PE+	0	2	1	0	-3.16992500144231	1	0	1	0	0	0.00942909265766608	244	A0201	RCC 17
A3B66	RCC 17 PE+	1	0	1	0	1.29545588352617	1	0	1	0	0.00942909265766608	0.00314303088588869	245	A0201	RCC 17
A3B67	RCC 17 PE+	0	0	0	0	1.28137060152597e-15	1	0	1	0	0	0	246	A0201	RCC 17
A3B68	RCC 17 PE+	0	0	1	0	-1.87446911791614	1	0	1	0	0	0.00314303088588869	247	A0201	RCC 17
A3B69	RCC 17 PE+	0	0	0	0	1.28137060152597e-15	1	0	1	0	0	0	248	A0201	RCC 17
A3B70	RCC 17 PE+	0	0	2	0	-2.66296501272243	1	0	1	0	0	0.00628606177177738	249	A0201	RCC 17
A3B71	RCC 17 PE+	0	0	1	0	-1.87446911791614	1	0	1	0	0	0.00314303088588869	250	A0201	RCC 17
A3B72	RCC 17 PE+	0	0	0	0	1.28137060152597e-15	1	0	1	0	0	0	251	A0201	RCC 17
A3B73	RCC 17 PE+	0	0	0	0	1.28137060152597e-15	1	0	1	0	0	0	252	A0201	RCC 17
A3B74	RCC 17 PE+	1	1	0	0	1.29545588352617	1	0	1	0	0.00942909265766608	0.00314303088588869	253	A0201	RCC 17
A3B75	RCC 17 PE+	1	0	1	0	1.29545588352617	1	0	1	0	0.00942909265766608	0.00314303088588869	254	A0201	RCC 17
A3B76	RCC 17 PE+	0	1	0	0	-1.87446911791614	1	0	1	0	0	0.00314303088588869	255	A0201	RCC 17
A3B77	RCC 17 PE+	0	1	0	0	-1.87446911791614	1	0	1	0	0	0.00314303088588869	256	A0201	RCC 17
A3B78	RCC 17 PE+	0	0	0	0	1.28137060152597e-15	1	0	1	0	0	0	257	A0201	RCC 17
A3B79	RCC 17 PE+	0	1	1	0	-2.66296501272243	1	0	1	0	0	0.00628606177177738	258	A0201	RCC 17
A3B80	RCC 17 PE+	0	0	1	0	-1.87446911791614	1	0	1	0	0	0.00314303088588869	259	A0201	RCC 17
A3B81	RCC 17 PE+	0	0	0	0	1.28137060152597e-15	1	0	1	0	0	0	260	A0201	RCC 17
A3B82	RCC 17 PE+	1	0	0	0	3.16992500144231	1	0	1	0	0.00942909265766608	0	261	A0201	RCC 17
A3B83	RCC 17 PE+	0	1	0	0	-1.87446911791614	1	0	1	0	0	0.00314303088588869	262	A0201	RCC 17
A3B84	RCC 17 PE+	1	1	0	0	1.29545588352617	1	0	1	0	0.00942909265766608	0.00314303088588869	263	A0201	RCC 17
A5B61	RCC 17 PE+	0	0	0	0	1.28137060152597e-15	1	0	1	0	0	0	264	A0201	RCC 17
A5B62	RCC 17 PE+	1	0	0	0	3.16992500144231	1	0	1	0	0.00942909265766608	0	265	A0201	RCC 17
A5B63	RCC 17 PE+	2	1	1	0	1.42449782852791	1	0	1	0	0.0188581853153322	0.00628606177177738	266	A0201	RCC 17
A5B64	RCC 17 PE+	0	0	1	0	-1.87446911791614	1	0	1	0	0	0.00314303088588869	267	A0201	RCC 17
A5B65	RCC 17 PE+	0	0	0	0	1.28137060152597e-15	1	0	1	0	0	0	268	A0201	RCC 17
A5B66	RCC 17 PE+	0	0	0	0	1.28137060152597e-15	1	0	1	0	0	0	269	A0201	RCC 17
A5B67	RCC 17 PE+	0	0	0	0	1.28137060152597e-15	1	0	1	0	0	0	270	A0201	RCC 17
A5B68	RCC 17 PE+	0	0	0	0	1.28137060152597e-15	1	0	1	0	0	0	271	A0201	RCC 17
A5B69	RCC 17 PE+	0	0	0	0	1.28137060152597e-15	1	0	1	0	0	0	272	A0201	RCC 17
A5B70	RCC 17 PE+	1	0	0	0	3.16992500144231	1	0	1	0	0.00942909265766608	0	273	A0201	RCC 17
A5B71	RCC 17 PE+	0	0	1	0	-1.87446911791614	1	0	1	0	0	0.00314303088588869	274	A0201	RCC 17
A5B72	RCC 17 PE+	0	1	0	1	-2.66296501272243	1	0	1	0	0	0.00628606177177738	275	A2402	RCC 17
A5B73	RCC 17 PE+	1	0	0	0	3.16992500144231	1	0	1	0	0.00942909265766608	0	276	A2402	RCC 17
A5B74	RCC 17 PE+	0	0	0	0	1.28137060152597e-15	1	0	1	0	0	0	277	A2402	RCC 17
A5B75	RCC 17 PE+	0	0	0	0	1.28137060152597e-15	1	0	1	0	0	0	278	A2402	RCC 17
A5B76	RCC 17 PE+	0	0	0	0	1.28137060152597e-15	1	0	1	0	0	0	279	A2402	RCC 17
A5B77	RCC 17 PE+	0	0	0	0	1.28137060152597e-15	1	0	1	0	0	0	280	A2402	RCC 17
A5B78	RCC 17 PE+	0	0	0	1	-1.87446911791614	1	0	1	0	0	0.00314303088588869	281	A2402	RCC 17
A5B79	RCC 17 PE+	0	0	2	0	-2.66296501272243	1	0	1	0	0	0.00628606177177738	282	A2402	RCC 17
A5B80	RCC 17 PE+	0	0	0	0	1.28137060152597e-15	1	0	1	0	0	0	283	A2402	RCC 17
A5B81	RCC 17 PE+	1	0	0	0	3.16992500144231	1	0	1	0	0.00942909265766608	0	284	A2402	RCC 17
A5B82	RCC 17 PE+	2	0	1	0	2.2129937233342	1	0	1	0	0.0188581853153322	0.00314303088588869	285	A2402	RCC 17
A5B83	RCC 17 PE+	1	1	1	2	-0.374395514781496	1	0	1	0	0.00942909265766608	0.0125721235435548	286	A2402	RCC 17
A5B84	RCC 17 PE+	1	2	0	0	0.506959988719885	1	0	1	0	0.00942909265766608	0.00628606177177738	287	A2402	RCC 17
A6B61	RCC 17 PE+	0	2	0	0	-2.66296501272243	1	0	1	0	0	0.00628606177177738	288	A2402	RCC 17
A6B62	RCC 17 PE+	1	1	0	0	1.29545588352617	1	0	1	0	0.00942909265766608	0.00314303088588869	289	A2402	RCC 17
A6B63	RCC 17 PE+	2	0	1	0	2.2129937233342	1	0	1	0	0.0188581853153322	0.00314303088588869	290	A2402	RCC 17
A6B64	RCC 17 PE+	1	0	0	0	3.16992500144231	1	0	1	0	0.00942909265766608	0	291	A2402	RCC 17
A6B65	RCC 17 PE+	1	0	0	0	3.16992500144231	1	0	1	0	0.00942909265766608	0	292	A2402	RCC 17
A6B66	RCC 17 PE+	0	0	0	0	1.28137060152597e-15	1	0	1	0	0	0	224	A2402	RCC 17
A6B67	RCC 17 PE+	0	0	0	0	1.28137060152597e-15	1	0	1	0	0	0	227	A2402	RCC 17
A6B68	RCC 17 PE+	0	0	1	0	-1.87446911791614	1	0	1	0	0	0.00314303088588869	295	A2402	RCC 17
A6B69	RCC 17 PE+	0	0	0	0	1.28137060152597e-15	1	0	1	0	0	0	296	A2402	RCC 17
A6B70	RCC 17 PE+	0	0	0	0	1.28137060152597e-15	1	0	1	0	0	0	297	A2402	RCC 17
A6B71	RCC 17 PE+	0	0	1	0	-1.87446911791614	1	0	1	0	0	0.00314303088588869	298	A2402	RCC 17
A6B72	RCC 17 PE+	1	0	0	1	1.29545588352617	1	0	1	0	0.00942909265766608	0.00314303088588869	299	A2402	RCC 17
A6B73	RCC 17 PE+	0	0	0	0	1.28137060152597e-15	1	0	1	0	0	0	300	A2402	RCC 17
A6B74	RCC 17 PE+	0	0	0	0	1.28137060152597e-15	1	0	1	0	0	0	301	A2402	RCC 17
A6B75	RCC 17 PE+	0	1	0	0	-1.87446911791614	1	0	1	0	0	0.00314303088588869	302	A2402	RCC 17
A6B76	RCC 17 PE+	0	0	0	0	1.28137060152597e-15	1	0	1	0	0	0	303	A2402	RCC 17
A6B77	RCC 17 PE+	0	0	0	0	1.28137060152597e-15	1	0	1	0	0	0	244	A2402	RCC 17
A6B78	RCC 17 PE+	0	0	1	0	-1.87446911791614	1	0	1	0	0	0.00314303088588869	305	A2402	RCC 17
A6B79	RCC 17 PE+	0	0	1	0	-1.87446911791614	1	0	1	0	0	0.00314303088588869	306	A2402	RCC 17
A6B80	RCC 17 PE+	0	0	0	1	-1.87446911791614	1	0	1	0	0	0.00314303088588869	307	A2402	RCC 17
A6B81	RCC 17 PE+	1	0	0	0	3.16992500144231	1	0	1	0	0.00942909265766608	0	308	A2402	RCC 17
A6B82	RCC 17 PE+	0	0	0	0	1.28137060152597e-15	1	0	1	0	0	0	309	A2402	RCC 17
A6B83	RCC 17 PE+	1	0	1	0	1.29545588352617	1	0	1	0	0.00942909265766608	0.00314303088588869	310	A2402	RCC 17
A6B84	RCC 17 PE+	1	0	0	0	3.16992500144231	1	0	1	0	0.00942909265766608	0	311	A2402	RCC 17
A7B61	RCC 17 PE+	0	1	1	1	-3.16992500144231	1	0	1	0	0	0.00942909265766608	312	A2402	RCC 17
A7B62	RCC 17 PE+	1	0	1	2	1.28137060152597e-15	1	0	1	0	0.00942909265766608	0.00942909265766608	313	A2402	RCC 17
A7B63	RCC 17 PE+	2	0	2	0	1.42449782852791	1	0	1	0	0.0188581853153322	0.00628606177177738	314	A2402	RCC 17
A7B64	RCC 17 PE+	0	0	0	0	1.28137060152597e-15	1	0	1	0	0	0	315	A2402	RCC 17
A7B65	RCC 17 PE+	0	0	0	0	1.28137060152597e-15	1	0	1	0	0	0	316	A2402	RCC 17
A7B66	RCC 17 PE+	1	0	0	0	3.16992500144231	1	0	1	0	0.00942909265766608	0	317	A2402	RCC 17
A7B67	RCC 17 PE+	0	0	1	0	-1.87446911791614	1	0	1	0	0	0.00314303088588869	318	A2402	RCC 17
A7B68	RCC 17 PE+	0	1	0	0	-1.87446911791614	1	0	1	0	0	0.00314303088588869	319	A2402	RCC 17
A7B69	RCC 17 PE+	0	0	1	0	-1.87446911791614	1	0	1	0	0	0.00314303088588869	320	A2402	RCC 17
A7B70	RCC 17 PE+	0	0	1	0	-1.87446911791614	1	0	1	0	0	0.00314303088588869	321	A2402	RCC 17
A7B71	RCC 17 PE+	0	1	0	0	-1.87446911791614	1	0	1	0	0	0.00314303088588869	322	A2402	RCC 17
A7B72	RCC 17 PE+	1	1	1	0	0.506959988719885	1	0	1	0	0.00942909265766608	0.00628606177177738	323	A2402	RCC 17
A7B73	RCC 17 PE+	0	1	1	0	-2.66296501272243	1	0	1	0	0	0.00628606177177738	324	A2402	RCC 17
A7B74	RCC 17 PE+	0	0	0	0	1.28137060152597e-15	1	0	1	0	0	0	325	A2402	RCC 17
A7B75	RCC 17 PE+	0	0	0	0	1.28137060152597e-15	1	0	1	0	0	0	326	A2402	RCC 17
A7B76	RCC 17 PE+	0	1	1	0	-2.66296501272243	1	0	1	0	0	0.00628606177177738	327	A2402	RCC 17
A7B77	RCC 17 PE+	1	1	0	0	1.29545588352617	1	0	1	0	0.00942909265766608	0.00314303088588869	328	A2402	RCC 17
A7B78	RCC 17 PE+	0	0	1	0	-1.87446911791614	1	0	1	0	0	0.00314303088588869	329	A2402	RCC 17
A7B79	RCC 17 PE+	0	2	0	0	-2.66296501272243	1	0	1	0	0	0.00628606177177738	330	A2402	RCC 17
A7B80	RCC 17 PE+	1	2	0	0	0.506959988719885	1	0	1	0	0.00942909265766608	0.00628606177177738	331	A2402	RCC 17
A7B81	RCC 17 PE+	0	0	0	0	1.28137060152597e-15	1	0	1	0	0	0	332	A2402	RCC 17
A7B82	RCC 17 PE+	0	0	0	0	1.28137060152597e-15	1	0	1	0	0	0	333	A2402	RCC 17
A7B83	RCC 17 PE+	1	2	0	0	0.506959988719885	1	0	1	0	0.00942909265766608	0.00628606177177738	334	A2402	RCC 17
A7B84	RCC 17 PE+	1	1	1	1	1.28137060152597e-15	1	0	1	0	0.00942909265766608	0.00942909265766608	335	A2402	RCC 17
A8B61	RCC 17 PE+	1	2	1	1	-0.374395514781496	1	0	1	0	0.00942909265766608	0.0125721235435548	336	A2402	RCC 17
A8B62	RCC 17 PE+	1	1	0	2	1.28137060152597e-15	1	0	1	0	0.00942909265766608	0.00942909265766608	337	A2402	RCC 17
A8B63	RCC 17 PE+	2	2	2	0	0.543142325026531	1	0	1	0	0.0188581853153322	0.0125721235435548	338	A2402	RCC 17
A8B64	RCC 17 PE+	0	1	1	0	-2.66296501272243	1	0	1	0	0	0.00628606177177738	339	A2402	RCC 17
A8B65	RCC 17 PE+	0	1	1	0	-2.66296501272243	1	0	1	0	0	0.00628606177177738	340	A2402	RCC 17
A8B66	RCC 17 PE+	1	0	0	1	1.29545588352617	1	0	1	0	0.00942909265766608	0.00314303088588869	341	A2402	RCC 17
A8B67	RCC 17 PE+	1	0	0	0	3.16992500144231	1	0	1	0	0.00942909265766608	0	342	A2402	RCC 17
A8B68	RCC 17 PE+	0	0	1	0	-1.87446911791614	1	0	1	0	0	0.00314303088588869	343	A2402	RCC 17
A8B69	RCC 17 PE+	0	0	0	0	1.28137060152597e-15	1	0	1	0	0	0	344	A2402	RCC 17
A8B70	RCC 17 PE+	0	0	2	0	-2.66296501272243	1	0	1	0	0	0.00628606177177738	345	A2402	RCC 17
A8B71	RCC 17 PE+	1	0	0	0	3.16992500144231	1	0	1	0	0.00942909265766608	0	346	A2402	RCC 17
A8B72	RCC 17 PE+	0	0	0	0	1.28137060152597e-15	1	0	1	0	0	0	347	A2402	RCC 17
A8B73	RCC 17 PE+	0	0	0	0	1.28137060152597e-15	1	0	1	0	0	0	348	A2402	RCC 17
A8B74	RCC 17 PE+	0	0	0	0	1.28137060152597e-15	1	0	1	0	0	0	349	A2402	RCC 17
A8B75	RCC 17 PE+	0	2	0	1	-3.16992500144231	1	0	1	0	0	0.00942909265766608	350	A2402	RCC 17
A8B76	RCC 17 PE+	0	1	0	0	-1.87446911791614	1	0	1	0	0	0.00314303088588869	274	A2402	RCC 17
A8B77	RCC 17 PE+	0	0	0	0	1.28137060152597e-15	1	0	1	0	0	0	352	B3501	RCC 17
A8B78	RCC 17 PE+	0	0	0	0	1.28137060152597e-15	1	0	1	0	0	0	353	B3501	RCC 17
A8B79	RCC 17 PE+	1	0	1	1	0.506959988719885	1	0	1	0	0.00942909265766608	0.00628606177177738	354	B3501	RCC 17
A8B80	RCC 17 PE+	0	0	0	0	1.28137060152597e-15	1	0	1	0	0	0	355	B3501	RCC 17
A8B81	RCC 17 PE+	0	0	0	0	1.28137060152597e-15	1	0	1	0	0	0	356	B3501	RCC 17
A8B82	RCC 17 PE+	0	0	0	0	1.28137060152597e-15	1	0	1	0	0	0	357	B3501	RCC 17
A8B83	RCC 17 PE+	0	1	1	0	-2.66296501272243	1	0	1	0	0	0.00628606177177738	358	B3501	RCC 17
A8B84	RCC 17 PE+	0	1	1	1	-3.16992500144231	1	0	1	0	0	0.00942909265766608	359	B3501	RCC 17
A9B61	RCC 17 PE+	1	1	0	0	1.29545588352617	1	0	1	0	0.00942909265766608	0.00314303088588869	360	B3501	RCC 17
A9B62	RCC 17 PE+	0	0	0	0	1.28137060152597e-15	1	0	1	0	0	0	361	B3501	RCC 17
A9B63	RCC 17 PE+	1	1	3	0	-0.374395514781496	1	0	1	0	0.00942909265766608	0.0125721235435548	362	B3501	RCC 17
A9B64	RCC 17 PE+	0	0	0	0	1.28137060152597e-15	1	0	1	0	0	0	363	B3501	RCC 17
A9B65	RCC 17 PE+	1	1	1	0	0.506959988719885	1	0	1	0	0.00942909265766608	0.00628606177177738	364	B3501	RCC 17
A9B66	RCC 17 PE+	0	0	0	0	1.28137060152597e-15	1	0	1	0	0	0	365	B3501	RCC 17
A9B67	RCC 17 PE+	0	0	0	0	1.28137060152597e-15	1	0	1	0	0	0	366	B3501	RCC 17
A9B68	RCC 17 PE+	0	0	0	0	1.28137060152597e-15	1	0	1	0	0	0	367	B3501	RCC 17
A9B69	RCC 17 PE+	0	0	0	0	1.28137060152597e-15	1	0	1	0	0	0	368	B3501	RCC 17
A9B70	RCC 17 PE+	0	0	0	0	1.28137060152597e-15	1	0	1	0	0	0	369	B3501	RCC 17
A9B71	RCC 17 PE+	1	1	1	0	0.506959988719885	1	0	1	0	0.00942909265766608	0.00628606177177738	370	B3501	RCC 17
A9B72	RCC 17 PE+	0	0	0	1	-1.87446911791614	1	0	1	0	0	0.00314303088588869	371	B3501	RCC 17
A9B73	RCC 17 PE+	0	0	0	0	1.28137060152597e-15	1	0	1	0	0	0	372	B3501	RCC 17
A9B74	RCC 17 PE+	0	0	1	0	-1.87446911791614	1	0	1	0	0	0.00314303088588869	373	B3501	RCC 17
A9B75	RCC 17 PE+	0	0	0	1	-1.87446911791614	1	0	1	0	0	0.00314303088588869	374	B3501	RCC 17
A9B76	RCC 17 PE+	0	1	0	0	-1.87446911791614	1	0	1	0	0	0.00314303088588869	375	B3501	RCC 17
A9B77	RCC 17 PE+	0	1	0	0	-1.87446911791614	1	0	1	0	0	0.00314303088588869	288	B3501	RCC 17
A9B78	RCC 17 PE+	0	0	0	0	1.28137060152597e-15	1	0	1	0	0	0	377	B3501	RCC 17
A9B79	RCC 17 PE+	0	1	0	0	-1.87446911791614	1	0	1	0	0	0.00314303088588869	378	B3501	RCC 17
A9B80	RCC 17 PE+	1	0	0	0	3.16992500144231	1	0	1	0	0.00942909265766608	0	379	B3501	RCC 17
A9B81	RCC 17 PE+	1	0	0	0	3.16992500144231	1	0	1	0	0.00942909265766608	0	380	B3501	RCC 17
A9B82	RCC 17 PE+	0	0	1	2	-3.16992500144231	1	0	1	0	0	0.00942909265766608	381	B3501	RCC 17
A9B83	RCC 17 PE+	0	1	1	0	-2.66296501272243	1	0	1	0	0	0.00628606177177738	382	B3501	RCC 17
A9B84	RCC 17 PE+	0	2	0	0	-2.66296501272243	1	0	1	0	0	0.00628606177177738	383	B3501	RCC 17
A10B61	RCC 17 PE+	1	1	0	1	0.506959988719885	1	0	1	0	0.00942909265766608	0.00628606177177738	384	B3501	RCC 17
A10B62	RCC 17 PE+	0	0	0	0	1.28137060152597e-15	1	0	1	0	0	0	385	B3501	RCC 17
A10B63	RCC 17 PE+	0	2	0	0	-2.66296501272243	1	0	1	0	0	0.00628606177177738	386	B3501	RCC 17
A10B64	RCC 17 PE+	0	0	2	1	-3.16992500144231	1	0	1	0	0	0.00942909265766608	387	B3501	RCC 17
A10B65	RCC 17 PE+	1	0	0	0	3.16992500144231	1	0	1	0	0.00942909265766608	0	388	B3501	RCC 17
A10B66	RCC 17 PE+	0	0	0	0	1.28137060152597e-15	1	0	1	0	0	0	389	B3501	RCC 17
A10B67	RCC 17 PE+	0	0	1	0	-1.87446911791614	1	0	1	0	0	0.00314303088588869	390	B3501	RCC 17
A10B68	RCC 17 PE+	0	0	1	0	-1.87446911791614	1	0	1	0	0	0.00314303088588869	391	B3501	RCC 17
A10B69	RCC 17 PE+	1	0	0	0	3.16992500144231	1	0	1	0	0.00942909265766608	0	392	B3501	RCC 17
A10B70	RCC 17 PE+	1	0	0	0	3.16992500144231	1	0	1	0	0.00942909265766608	0	393	B3501	RCC 17
A10B71	RCC 17 PE+	1	0	1	1	0.506959988719885	1	0	1	0	0.00942909265766608	0.00628606177177738	394	B3501	RCC 17
A10B72	RCC 17 PE+	1	0	0	1	1.29545588352617	1	0	1	0	0.00942909265766608	0.00314303088588869	395	B3501	RCC 17
A10B73	RCC 17 PE+	0	0	0	0	1.28137060152597e-15	1	0	1	0	0	0	396	B3501	RCC 17
A10B74	RCC 17 PE+	0	1	0	0	-1.87446911791614	1	0	1	0	0	0.00314303088588869	397	B3501	RCC 17
A10B75	RCC 17 PE+	0	1	1	0	-2.66296501272243	1	0	1	0	0	0.00628606177177738	398	B3501	RCC 17
A10B76	RCC 17 PE+	0	0	0	0	1.28137060152597e-15	1	0	1	0	0	0	399	B3501	RCC 17
A10B77	RCC 17 PE+	0	0	0	0	1.28137060152597e-15	1	0	1	0	0	0	400	B3501	RCC 17
A10B78	RCC 17 PE+	0	0	0	0	1.28137060152597e-15	1	0	1	0	0	0	401	B3501	RCC 17
A10B79	RCC 17 PE+	0	1	0	0	-1.87446911791614	1	0	1	0	0	0.00314303088588869	402	B3501	RCC 17
A10B80	RCC 17 PE+	0	1	1	1	-3.16992500144231	1	0	1	0	0	0.00942909265766608	403	B3501	RCC 17
A10B81	RCC 17 PE+	1	0	0	0	3.16992500144231	1	0	1	0	0.00942909265766608	0	404	B3501	RCC 17
A10B82	RCC 17 PE+	0	0	0	0	1.28137060152597e-15	1	0	1	0	0	0	405	B3501	RCC 17
A10B83	RCC 17 PE+	0	0	2	0	-2.66296501272243	1	0	1	0	0	0.00628606177177738	406	B3501	RCC 17
A10B84	RCC 17 PE+	0	1	0	0	-1.87446911791614	1	0	1	0	0	0.00314303088588869	407	C0401	RCC 17
A11B61	RCC 17 PE+	0	1	0	0	-1.87446911791614	1	0	1	0	0	0.00314303088588869	408	C0401	RCC 17
A11B62	RCC 17 PE+	1	0	0	1	1.29545588352617	1	0	1	0	0.00942909265766608	0.00314303088588869	409	C0401	RCC 17
A11B63	RCC 17 PE+	0	0	2	0	-2.66296501272243	1	0	1	0	0	0.00628606177177738	410	C0401	RCC 17
A11B64	RCC 17 PE+	0	0	0	1	-1.87446911791614	1	0	1	0	0	0.00314303088588869	355	C0401	RCC 17
A11B65	RCC 17 PE+	0	1	0	0	-1.87446911791614	1	0	1	0	0	0.00314303088588869	412	C0401	RCC 17
A11B66	RCC 17 PE+	1	2	1	1	-0.374395514781496	1	0	1	0	0.00942909265766608	0.0125721235435548	413	C0401	RCC 17
A11B67	RCC 17 PE+	0	0	0	0	1.28137060152597e-15	1	0	1	0	0	0	357	C0401	RCC 17
A11B68	RCC 17 PE+	0	0	0	0	1.28137060152597e-15	1	0	1	0	0	0	415	C0401	RCC 17
A11B69	RCC 17 PE+	0	0	0	0	1.28137060152597e-15	1	0	1	0	0	0	416	C0401	RCC 17
A11B70	RCC 17 PE+	1	0	1	3	-0.374395514781496	1	0	1	0	0.00942909265766608	0.0125721235435548	417	C0401	RCC 17
A11B71	RCC 17 PE+	0	0	0	0	1.28137060152597e-15	1	0	1	0	0	0	418	C0401	RCC 17
A11B72	RCC 17 PE+	0	1	1	0	-2.66296501272243	1	0	1	0	0	0.00628606177177738	204	C0401	RCC 17
A11B73	RCC 17 PE+	1	1	0	0	1.29545588352617	1	0	1	0	0.00942909265766608	0.00314303088588869	362	C0401	RCC 17
A11B74	RCC 17 PE+	0	0	1	2	-3.16992500144231	1	0	1	0	0	0.00942909265766608	421	C0401	RCC 17
A11B75	RCC 17 PE+	2	0	0	1	2.2129937233342	1	0	1	0	0.0188581853153322	0.00314303088588869	422	C0401	RCC 17
A11B76	RCC 17 PE+	1	1	0	1	0.506959988719885	1	0	1	0	0.00942909265766608	0.00628606177177738	280	C0401	RCC 17
A11B77	RCC 17 PE+	3	1	0	0	2.76938707185858	1	0	1	0	0.0282872779729982	0.00314303088588869	281	C0401	RCC 17
A11B78	RCC 17 PE+	1	0	0	0	3.16992500144231	1	0	1	0	0.00942909265766608	0	282	C0401	RCC 17
A11B79	RCC 17 PE+	0	1	1	0	-2.66296501272243	1	0	1	0	0	0.00628606177177738	283	C0401	RCC 17
A11B80	RCC 17 PE+	1	0	0	1	1.29545588352617	1	0	1	0	0.00942909265766608	0.00314303088588869	427	C0401	RCC 17
A11B81	RCC 17 PE+	0	1	0	0	-1.87446911791614	1	0	1	0	0	0.00314303088588869	428	C0401	RCC 17
A11B82	RCC 17 PE+	0	1	0	1	-2.66296501272243	1	0	1	0	0	0.00628606177177738	429	C0401	RCC 17
A11B83	RCC 17 PE+	2	0	0	1	2.2129937233342	1	0	1	0	0.0188581853153322	0.00314303088588869	430	C0401	RCC 17
A11B84	RCC 17 PE+	1	0	0	0	3.16992500144231	1	0	1	0	0.00942909265766608	0	288	C0401	RCC 17
A12B61	RCC 17 PE+	1	0	2	0	0.506959988719885	1	0	1	0	0.00942909265766608	0.00628606177177738	289	C0401	RCC 17
A12B62	RCC 17 PE+	0	0	2	0	-2.66296501272243	1	0	1	0	0	0.00628606177177738	433	C0401	RCC 17
A12B63	RCC 17 PE+	1	0	2	1	1.28137060152597e-15	1	0	1	0	0.00942909265766608	0.00942909265766608	434	C0401	RCC 17
A12B64	RCC 17 PE+	0	0	0	0	1.28137060152597e-15	1	0	1	0	0	0	435	C0401	RCC 17
A12B65	RCC 17 PE+	0	1	0	0	-1.87446911791614	1	0	1	0	0	0.00314303088588869	297	C0401	RCC 17
A12B66	RCC 17 PE+	1	0	2	0	0.506959988719885	1	0	1	0	0.00942909265766608	0.00628606177177738	437	C0401	RCC 17
A12B67	RCC 17 PE+	0	0	0	0	1.28137060152597e-15	1	0	1	0	0	0	438	C0401	RCC 17
A12B68	RCC 17 PE+	0	0	0	0	1.28137060152597e-15	1	0	1	0	0	0	300	C0401	RCC 17
A12B69	RCC 17 PE+	1	0	0	0	3.16992500144231	1	0	1	0	0.00942909265766608	0	245	C0401	RCC 17
A12B70	RCC 17 PE+	3	0	0	1	2.76938707185859	1	0	1	0	0.0282872779729982	0.00314303088588869	441	C0401	RCC 17
A12B71	RCC 17 PE+	0	2	0	0	-2.66296501272243	1	0	1	0	0	0.00628606177177738	442	C0401	RCC 17
A12B72	RCC 17 PE+	1	0	2	1	1.28137060152597e-15	1	0	1	0	0.00942909265766608	0.00942909265766608	317	C0401	RCC 17
A12B73	RCC 17 PE+	0	0	0	0	1.28137060152597e-15	1	0	1	0	0	0	319	C0401	RCC 17
A12B74	RCC 17 PE+	0	1	0	0	-1.87446911791614	1	0	1	0	0	0.00314303088588869	445	C0401	RCC 17
A12B75	RCC 17 PE+	0	1	0	0	-1.87446911791614	1	0	1	0	0	0.00314303088588869	321	C0401	RCC 17
A12B76	RCC 17 PE+	0	0	0	1	-1.87446911791614	1	0	1	0	0	0.00314303088588869	247	C0401	RCC 17
A12B77	RCC 17 PE+	0	0	0	0	1.28137060152597e-15	1	0	1	0	0	0	448	C0401	RCC 17
A12B78	RCC 17 PE+	0	0	0	0	1.28137060152597e-15	1	0	1	0	0	0	449	C0401	RCC 17
A12B79	RCC 17 PE+	0	0	0	0	1.28137060152597e-15	1	0	1	0	0	0	323	C0401	RCC 17
A12B80	RCC 17 PE+	2	3	1	0	0.543142325026531	1	0	1	0	0.0188581853153322	0.0125721235435548	324	C0401	RCC 17
A12B81	RCC 17 PE+	0	0	1	0	-1.87446911791614	1	0	1	0	0	0.00314303088588869	326	C0401	RCC 17
A12B82	RCC 17 PE+	1	0	0	0	3.16992500144231	1	0	1	0	0.00942909265766608	0	453	C0401	RCC 17
A12B83	RCC 17 PE+	0	0	1	1	-2.66296501272243	1	0	1	0	0	0.00628606177177738	454	C0401	RCC 17
A12B84	RCC 17 PE+	0	1	1	0	-2.66296501272243	1	0	1	0	0	0.00628606177177738	455	C0401	RCC 17
A14B61	RCC 17 PE+	2	0	0	0	4.08746284125034	1	0	1	0	0.0188581853153322	0	333	C0401	RCC 17
A14B62	RCC 17 PE+	0	0	0	0	1.28137060152597e-15	1	0	1	0	0	0	332	C0401	RCC 17
A14B63	RCC 17 PE+	0	0	0	0	1.28137060152597e-15	1	0	1	0	0	0	458	C0401	RCC 17
A14B64	RCC 17 PE+	1	0	0	0	3.16992500144231	1	0	1	0	0.00942909265766608	0	459	C0401	RCC 17
A14B65	RCC 17 PE+	0	1	0	0	-1.87446911791614	1	0	1	0	0	0.00314303088588869	337	C0401	RCC 17
A14B66	RCC 17 PE+	0	1	0	0	-1.87446911791614	1	0	1	0	0	0.00314303088588869	461	C0401	RCC 17
A14B67	RCC 17 PE+	1	0	0	1	1.29545588352617	1	0	1	0	0.00942909265766608	0.00314303088588869	346	C0401	RCC 17
A14B68	RCC 17 PE+	1	0	0	0	3.16992500144231	1	0	1	0	0.00942909265766608	0	347	C0401	RCC 17
A14B69	RCC 17 PE+	0	2	0	1	-3.16992500144231	1	0	1	0	0	0.00942909265766608	348	C0401	RCC 17
A14B70	RCC 17 PE+	0	0	0	0	1.28137060152597e-15	1	0	1	0	0	0	465	C0401	RCC 17
A14B71	RCC 17 PE+	0	0	0	0	1.28137060152597e-15	1	0	1	0	0	0	350	C0401	RCC 17
A14B72	RCC 17 PE+	1	0	0	1	1.29545588352617	1	0	1	0	0.00942909265766608	0.00314303088588869	272	C0401	RCC 17
A14B73	RCC 17 PE+	0	1	2	0	-3.16992500144231	1	0	1	0	0	0.00942909265766608	351	C0401	RCC 17
A14B74	RCC 17 PE+	0	1	0	0	-1.87446911791614	1	0	1	0	0	0.00314303088588869	469	C0401	RCC 17
A14B75	RCC 17 PE+	0	0	0	0	1.28137060152597e-15	1	0	1	0	0	0	470	C0401	RCC 17
A14B76	RCC 17 PE+	0	0	0	0	1.28137060152597e-15	1	0	1	0	0	0	471	C0401	RCC 17
A14B77	RCC 17 PE+	0	0	0	0	1.28137060152597e-15	1	0	1	0	0	0	472	C0401	RCC 17
A14B78	RCC 17 PE+	0	1	0	0	-1.87446911791614	1	0	1	0	0	0.00314303088588869	473	C0401	RCC 17
A16B61	RCC 17 PE+	0	0	0	0	1.28137060152597e-15	1	0	1	0	0	0	24	A0201	Virus
A16B62	RCC 17 PE+	0	1	0	0	-1.87446911791614	1	0	1	0	0	0.00314303088588869	13	A0201	Virus
A16B63	RCC 17 PE+	0	0	0	0	1.28137060152597e-15	1	0	1	0	0	0	6	A0201	Virus
A16B64	RCC 17 PE+	1	0	0	0	3.16992500144231	1	0	1	0	0.00942909265766608	0	16	A0201	Virus
A16B65	RCC 17 PE+	0	0	0	0	1.28137060152597e-15	1	0	1	0	0	0	5	A0201	Virus
A16B66	RCC 17 PE+	1	1	1	1	1.28137060152597e-15	1	0	1	0	0.00942909265766608	0.00942909265766608	10	A0201	Virus
A16B67	RCC 17 PE+	0	0	0	0	1.28137060152597e-15	1	0	1	0	0	0	4	A2402	Virus
A16B68	RCC 17 PE+	0	0	0	0	1.28137060152597e-15	1	0	1	0	0	0	7	A2402	Virus
A16B69	RCC 17 PE+	0	0	0	0	1.28137060152597e-15	1	0	1	0	0	0	35	B3501	Virus
A16B70	RCC 17 PE+	0	0	0	1	-1.87446911791614	1	0	1	0	0	0.00314303088588869	34	B3501	Virus
A17B61	RCC 17 PE+	0	1	0	0	-1.87446911791614	1	0	1	0	0	0.00314303088588869	3	A0201	Virus
A17B62	RCC 17 PE+	0	0	0	0	1.28137060152597e-15	1	0	1	0	0	0	8	A2402	Virus
A17B63	RCC 17 PE+	0	0	0	0	1.28137060152597e-15	1	0	1	0	0	0	12	A2402	Virus
A17B64	RCC 17 PE+	0	0	0	0	1.28137060152597e-15	1	0	1	0	0	0	33	B3501	Virus
A17B65	RCC 17 PE+	0	0	0	1	-1.87446911791614	1	0	1	0	0	0.00314303088588869	32	B3501	Virus
