	BC-456	BC-457	BC-458	BC-459	BC-460	BC-461	BC-464	BC-465	BC-466	BC-467	BC-468	BC-469	BC-470	BC-471	BC-472	BC-473	BC-474	BC-475	BC-476	BC-477
A1B224	1	1	1	1	1	1	1	1	1	1	1	1	1	1	1	1	1	1	1	1
A1B225	1	1	1	1	1	1	1	1	1	0.0508087166175201	1	1	1	0.00000000000000000136549367414725	1	1	1	1	1	1
A1B226	1	1	1	1	0.0312050441030194	1	1	1	1	1	1	1	1	1	1	1	1	1	1	1
A1B227	1	1	1	1	1	1	1	1	1	1	1	1	1	1	1	1	1	1	1	1
A1B228	1	1	1	1	1	1	1	1	1	1	1	1	1	1	1	1	1	1	1	1
A1B229	1	1	1	1	1	1	1	1	1	1	1	1	1	1	1	1	1	1	1	1
A1B230	1	1	1	1	1	1	1	1	1	1	1	1	1	1	1	1	1	1	1	1
A1B231	1	1	1	1	1	1	1	1	1	1	1	1	1	1	1	1	1	1	1	1
A1B232	1	1	1	1	1	1	1	1	1	1	1	1	1	1	1	1	1	1	1	1
A1B233	1	1	1	1	1	1	1	1	1	1	1	1	1	1	1	1	1	1	1	1
A1B234	1	1	1	1	1	1	0.0013356915915681	1	1	1	1	1	1	1	1	1	1	1	1	1
A1B235	1	1	1	1	1	1	0.352616998364119	1	1	1	1	1	1	1	1	1	1	1	1	1
A2B224	1	1	1	1	1	1	1	1	1	1	1	1	1	1	1	1	1	1	1	1
A2B225	1	1	1	1	1	1	1	1	1	1	1	1	1	1	1	1	1	1	1	1
A2B226	1	1	1	1	1	1	1	1	1	1	1	1	1	1	1	1	1	1	1	1
A2B227	1	1	1	1	1	1	1	1	1	1	1	1	1	1	1	1	1	1	1	1
A2B228	1	1	1	1	1	1	1	1	1	1	1	1	1	1	1	1	1	1	1	1
A2B229	1	1	1	1	1	1	1	1	1	1	1	1	0.900806834361652	1	1	1	1	1	1	1
A2B230	1	1	1	1	1	1	1	1	1	1	1	1	1	1	1	1	1	1	1	1
A2B231	1	1	1	1	1	1	1	1	1	1	1	1	1	1	1	1	1	1	1	1
A2B232	1	1	1	1	1	1	1	1	1	1	1	1	1	1	1	1	1	1	1	1
A2B233	1	1	1	1	1	1	1	1	1	1	1	1	1	1	1	1	1	1	1	1
A2B234	1	1	1	1	1	1	1	1	1	1	1	1	1	1	1	1	1	1	1	0.00000000000000000000267043376430982
A2B235	1	1	1	1	1	1	1	1	1	1	1	1	1	1	1	1	1	1	1	1
A3B224	1	1	1	1	1	1	1	1	1	1	1	1	1	1	1	1	1	1	1	1
A3B225	1	1	1	1	1	1	1	0.000000000000000000000504826281683893	1	1	1	1	0.900806834361652	1	1	1	1	1	1	1
A3B226	1	1	1	0.0000000335652039220555	1	1	1	0.00000000000000106308798811625	1	1	1	1	1	1	1	1	1	1	1	1
A3B227	1	1	1	1	1	1	1	0.0000000413561133052841	1	1	1	1	1	1	1	1	1	1	1	1
A3B228	1	1	1	1	1	1	1	0.0000000180744633609927	1	1	1	1	1	1	1	1	1	1	1	1
A3B229	1	1	1	1	1	1	1	1	1	1	0.000154467000770483	1	1	1	1	1	1	1	1	1
A3B230	1	1	1	1	1	1	1	1	1	1	1	1	1	1	1	1	1	1	1	1
A3B231	1	1	1	1	1	1	1	1	1	1	0.000154467000770483	1	1	1	1	1	1	1	1	1
A3B232	1	1	0.00152437814708324	1	1	1	1	1	1	1	1	1	1	1	1	1	1	1	1	1
A3B233	1	1	1	1	1	1	1	1	1	1	1	1	1	1	1	1	1	1	1	1
A3B234	1	1	1	1	1	1	1	1	1	1	1	1	0.269143505388542	1	1	0.38568219671769	1	0.182710072385043	1	1
A3B235	1	1	0.00000000493247806799893	1	1	1	1	1	1	1	0.0627225138705526	1	1	1	1	1	1	1	1	1
A5B224	1	1	1	1	1	1	1	1	1	1	1	1	1	1	1	1	1	1	1	1
A5B225	1	1	0.0342011013578232	1	1	1	1	0.000111479938849084	1	1	0.000139349923561355	1	1	1	1	1	1	1	1	0.380761156899239
A5B226	1	1	1	1	1	1	1	1	1	1	0.000000669611584007783	1	1	1	1	1	1	1	1	0.215314804310834
A5B227	1	1	1	0.152109346548196	1	1	1	0.000326373346550723	1	1	1	1	1	1	1	1	1	1	1	0.00938727258963944
A5B228	1	1	1	1	1	1	1	1	1	1	1	1	0.900806834361652	1	1	1	1	1	1	1
A5B229	1	1	1	1	1	1	1	1	1	1	1	1	1	1	1	1	1	1	1	1
A5B230	1	1	1	1	1	1	1	1	1	1	1	1	1	1	1	1	1	1	1	1
A5B231	1	1	1	1	1	1	1	1	1	1	1	1	1	1	1	1	1	1	1	1
A5B232	1	1	1	1	1	1	1	1	1	1	1	1	1	1	1	1	1	1	1	1
A5B233	1	1	1	1	1	1	1	1	1	1	1	1	1	1	1	1	1	1	1	1
A5B234	1	1	1	1	1	1	1	1	0.341263673807489	1	1	1	1	1	1	0.38568219671769	1	1	1	1
A5B235	1	1	0.96033760347438	1	1	1	1	1	1	1	1	1	1	1	1	1	1	1	1	1
A6B224	1	1	1	1	1	1	1	1	1	1	1	1	1	1	1	1	1	1	1	1
A6B225	1	1	1	1	1	1	1	1	1	1	1	1	1	1	1	1	1	1	1	1
A6B226	1	1	1	1	1	1	1	1	1	1	1	1	1	1	1	1	1	1	1	1
A6B227	1	1	1	1	1	1	1	1	1	1	1	1	1	1	1	1	1	1	1	1
A6B228	1	1	1	1	1	1	1	1	1	1	1	1	1	1	1	1	1	1	1	1
A6B229	1	1	0.00326955151630854	1	1	1	1	1	1	1	1	1	1	1	1	1	1	1	1	0.000000000178563220739106
A6B230	1	1	1	1	1	1	1	1	1	1	1	1	1	1	1	1	1	1	1	1
A6B231	1	1	1	1	1	1	1	1	1	1	1	1	1	1	1	1	1	1	1	1
A6B232	1	1	1	1	1	1	1	1	1	1	1	1	0.900806834361652	1	1	1	1	1	1	1
A6B233	1	1	1	1	1	1	1	1	1	1	1	1	1	1	1	1	1	1	1	1
A6B234	1	1	1	1	1	1	1	1	1	1	1	1	1	1	1	1	1	1	1	1
A6B235	1	1	1	1	1	1	1	1	1	1	1	1	1	1	1	1	1	1	1	1
A7B224	1	1	1	1	1	1	1	1	1	1	1	1	1	1	1	1	1	1	1	1
A7B225	1	1	1	1	1	1	1	1	1	1	1	1	1	1	0.403424645260471	1	1	1	1	1
A7B226	1	1	1	1	1	1	1	1	1	1	1	1	1	1	1	1	1	1	1	1
A7B227	1	1	1	1	1	1	1	1	1	1	1	1	1	1	1	1	1	1	1	1
A7B228	1	1	1	1	1	1	1	1	1	1	1	1	1	1	1	1	1	1	1	1
A7B229	1	1	1	1	1	1	1	1	1	1	1	1	1	1	1	1	1	1	1	1
A7B230	1	1	1	1	1	1	1	1	1	1	1	1	1	1	1	1	1	1	1	1
A7B231	1	1	1	1	1	1	1	1	1	1	1	1	1	1	1	1	1	1	1	1
A7B232	1	1	1	1	1	1	1	1	1	1	1	1	1	1	1	1	1	1	1	1
A7B233	1	1	1	1	1	1	1	1	1	1	1	1	1	1	1	1	1	1	1	1
A7B234	1	1	1	1	1	1	1	1	1	1	1	1	1	1	1	1	1	1	1	1
A7B235	1	1	1	1	1	1	1	1	1	1	1	1	1	1	1	1	1	1	1	1
A8B224	1	1	1	1	1	1	1	1	1	1	0.556084213826383	1	1	1	1	1	1	1	1	1
A8B225	1	1	1	1	1	1	1	1	1	1	1	1	1	1	1	1	1	1	1	1
A8B226	1	1	1	1	1	1	1	1	0.933030818680281	1	1	1	1	1	1	1	1	1	1	1
A8B227	1	1	1	1	1	1	1	1	1	1	1	1	1	1	1	1	1	1	1	1
A8B228	1	1	1	1	1	1	1	1	1	1	1	1	1	1	1	1	1	1	1	1
A8B229	1	1	1	1	1	1	1	1	1	1	1	1	1	1	1	1	1	1	1	1
A8B230	1	1	1	1	1	1	1	1	1	1	1	1	1	1	1	1	1	1	1	1
A8B231	1	1	1	1	1	1	1	1	1	1	0.0000000000555794055687411	1	1	1	1	1	1	1	1	0.979574674871198
A8B232	1	1	1	1	1	1	1	1	1	1	1	1	1	1	1	1	1	1	1	1
A8B233	1	1	1	1	1	1	1	1	1	1	1	1	1	1	1	1	1	1	1	1
A8B234	1	1	1	1	1	1	1	1	1	1	1	1	1	1	1	1	1	1	1	1
A8B235	1	1	1	1	1	1	1	1	1	1	1	1	1	1	1	1	1	1	1	1
A9B224	1	1	1	1	1	1	1	1	1	1	1	1	1	1	1	1	1	1	1	1
A9B225	1	1	1	1	1	1	1	1	0.358858007184723	1	1	1	0.269143505388542	1	1	0.179429003592362	1	1	1	1
A9B226	1	1	1	1	1	1	1	1	1	1	1	1	1	1	1	1	1	1	1	1
A9B227	1	1	1	1	1	1	1	1	1	1	1	1	1	1	1	1	1	1	1	1
A9B228	1	1	1	1	1	1	1	1	1	1	1	1	1	1	1	1	1	1	1	1
A9B229	1	1	1	1	1	1	1	1	1	1	1	1	0.900806834361652	1	1	1	1	1	1	1
A9B230	1	1	1	1	1	1	1	1	1	1	1	1	1	1	1	1	1	1	1	1
A9B231	1	1	1	1	1	1	1	1	1	1	1	1	1	1	1	1	1	1	1	1
A9B232	1	1	1	1	1	1	1	1	1	1	1	1	1	1	1	1	1	1	1	1
A9B233	1	1	1	1	1	1	1	1	1	1	1	1	1	1	1	1	1	1	1	1
A9B234	1	1	1	1	1	1	1	1	1	1	1	1	1	1	1	1	1	1	1	1
A9B235	1	1	1	1	1	1	1	1	1	1	1	1	1	1	1	1	1	1	1	1
A1B236	1	1	1	1	1	1	1	1	1	1	1	1	1	1	1	1	1	1	1	1
A1B237	1	1	1	1	1	1	1	1	1	1	1	1	1	1	1	1	1	1	1	1
A1B238	1	1	1	1	1	1	1	1	1	1	1	1	1	1	1	1	1	1	1	1
A1B239	1	1	1	1	1	1	1	1	1	1	1	1	1	1	1	1	1	1	1	1
A1B240	1	1	1	1	1	1	1	1	1	1	1	1	1	1	1	1	1	1	1	1
A1B241	1	1	1	1	1	1	1	1	1	1	1	1	1	1	1	1	1	1	1	1
A1B242	1	1	1	1	1	1	1	1	1	1	1	1	1	1	1	1	1	1	1	1
A1B243	1	1	1	1	1	1	1	1	1	1	1	1	1	1	1	1	1	1	1	1
A1B244	1	1	1	1	1	1	0.0141756790351495	1	1	1	1	0.0000057019266118744	1	1	1	1	1	1	1	1
A1B245	1	1	1	1	1	1	1	1	1	1	1	0.0000000000000000000000000000000000000933308971802884	1	1	1	1	1	0.0567027161405982	1	1
A1B246	1	1	1	1	1	1	1	1	1	1	1	1	1	1	1	1	1	1	1	1
A1B247	1	1	1	1	1	1	1	1	1	1	1	1	1	1	1	1	1	1	1	1
A2B236	1	1	1	1	1	1	1	1	1	1	1	1	1	1	1	1	1	1	1	1
A2B237	1	1	1	1	1	1	1	1	1	1	1	1	1	1	1	1	1	1	1	1
A2B238	1	1	1	1	1	1	1	1	1	1	1	1	1	1	1	1	1	1	1	1
A2B239	1	1	1	1	1	1	1	1	1	1	1	1	1	1	1	1	1	1	1	1
A2B240	1	1	1	1	1	1	1	1	1	1	1	1	1	1	1	1	1	1	1	1
A2B241	1	1	1	1	1	1	1	1	1	1	1	1	1	1	1	1	1	1	1	1
A2B242	1	1	1	1	1	1	1	1	1	1	1	1	1	1	1	1	1	1	1	1
A2B243	1	1	1	1	1	1	1	1	1	1	1	1	1	1	1	1	1	1	1	1
A2B244	1	1	1	1	1	1	1	1	1	1	1	1	0.00183052813536735	1	1	1	1	1	1	1
A2B245	1	1	1	1	1	1	1	1	1	1	1	1	1	1	1	1	1	1	1	1
A2B246	1	1	1	1	1	1	1	1	1	1	1	1	1	1	1	1	1	1	1	1
A2B247	1	1	1	1	1	1	1	1	1	1	1	1	1	1	1	1	1	1	1	1
A3B236	1	0.119703854752381	1	1	1	1	1	1	1	1	1	1	1	1	1	1	1	1	1	1
A3B237	1	1	1	1	1	1	1	1	1	1	1	1	1	1	1	1	1	1	1	1
A3B238	1	0.440771247955149	1	1	1	1	1	1	1	1	1	1	1	1	1	1	1	1	1	1
A3B239	1	1	1	1	1	1	1	1	1	1	1	1	0.900806834361652	1	1	1	1	1	1	1
A3B240	1	1	1	1	1	1	1	1	1	1	1	1	1	1	1	1	1	1	1	1
A3B241	1	1	1	1	1	1	1	1	1	1	1	1	0.388580397383586	1	1	1	1	1	1	1
A3B242	1	0.000000000000799821323622689	1	1	1	1	1	1	1	1	1	1	1	1	1	1	1	1	1	1
A3B243	1	1	1	1	1	1	1	1	1	1	1	1	1	1	1	1	1	1	1	1
A3B244	1	1	1	1	1	1	1	1	1	1	1	1	1	1	1	1	1	1	1	1
A3B245	1	1	1	1	1	1	1	1	1	1	1	1	1	1	1	1	1	1	1	1
A3B246	1	1	1	1	1	1	1	1	1	1	1	1	1	1	1	1	1	1	1	1
A3B247	1	1	1	1	1	1	1	1	1	1	1	1	1	1	1	1	1	1	1	1
A5B236	1	1	1	1	1	1	1	1	1	1	1	1	1	1	1	1	1	1	1	1
A5B237	1	1	1	0.0013129695065491	1	0.0312050441030194	0.563919725575993	0.483359764779423	0.0451477233830919	1	0.000154467000770483	1	0.00328242376637274	1	0.403424645260471	0.000000531804460224301	1	0.0624100882060388	1	0.215314804310834
A5B238	1	1	1	1	1	1	1	1	1	1	1	1	1	1	1	1	1	1	1	1
A5B239	1	1	1	1	1	1	1	1	1	1	1	1	1	1	1	1	1	1	1	1
A5B240	1	1	1	1	1	1	1	1	1	1	1	1	1	1	1	1	1	1	1	1
A5B241	1	1	1	1	1	1	1	1	1	1	1	1	1	1	1	1	1	1	1	1
A5B242	1	1	1	1	1	1	1	1	1	1	1	1	1	1	1	1	1	1	1	1
A5B243	1	1	1	1	1	1	1	1	1	1	1	1	1	1	1	1	1	1	1	1
A5B244	1	1	1	1	1	1	1	1	1	1	1	1	1	1	1	1	1	1	1	1
A5B245	1	1	1	1	1	1	1	1	1	1	1	1	1	1	1	1	1	1	1	1
A5B246	1	1	1	1	1	1	1	1	1	1	1	1	1	1	1	1	1	1	1	1
A5B247	1	1	1	1	1	1	1	1	1	1	1	1	1	1	1	1	1	1	1	1
A6B236	1	1	1	1	1	1	1	1	1	1	1	1	1	1	1	1	1	1	1	1
A6B237	1	1	1	1	1	1	1	1	1	1	1	1	1	1	1	1	1	1	1	1
A6B238	1	1	1	1	1	1	1	1	1	1	1	1	1	1	1	1	1	1	1	1
A6B239	1	1	1	1	1	1	1	1	1	1	1	1	1	1	1	1	1	1	1	1
A6B240	1	1	1	1	1	1	1	1	1	1	1	1	1	1	1	1	1	1	1	1
A6B241	1	1	1	1	1	1	1	1	1	1	1	1	1	1	1	1	1	1	1	1
A6B242	1	1	1	1	1	1	1	1	1	1	1	1	1	1	1	1	1	1	1	1
A6B243	1	1	1	1	1	1	1	1	1	1	1	1	1	1	1	1	1	1	0.000000000000000000203662674543845	1
A6B244	1	1	1	1	1	1	1	1	1	1	1	1	1	0.0324133230702601	1	1	1	1	0.00000000000000000000000263995569780916	1
A6B245	1	0.304516787308405	1	1	1	1	1	1	1	1	1	1	1	1	1	1	1	1	1	1
A6B246	1	1	1	1	1	1	1	1	1	1	1	1	1	1	1	1	1	1	1	1
A6B247	1	1	1	1	1	1	1	1	1	1	1	1	1	1	1	1	1	1	1	1
A7B236	1	1	1	1	1	1	1	1	1	1	1	1	1	1	1	1	1	0.0798025698349207	1	1
A7B237	1	1	0.0000000000000805558662253541	1	1	0.00000000000000000802271771025604	1	1	1	1	1	1	1	1	1	1	1	1	1	1
A7B238	1	1	0.556084213826383	1	1	0.00200353738735215	1	1	1	1	1	1	1	1	1	1	1	1	1	1
A7B239	1	1	1	1	1	0.0312050441030194	1	1	1	1	1	1	1	1	1	1	1	1	1	1
A7B240	1	1	0.265408859152809	1	1	1	1	1	1	1	1	1	1	1	1	1	1	1	1	1
A7B241	1	1	1	1	1	1	1	1	1	1	1	1	1	1	1	1	1	1	1	1
A7B242	1	1	1	1	1	1	1	1	1	1	1	1	1	1	1	1	1	1	1	1
A7B243	1	1	1	1	1	1	1	1	1	1	1	1	1	1	1	1	1	1	1	1
A7B244	1	1	1	1	1	1	1	1	1	1	1	1	1	1	1	1	1	1	1	1
A7B245	1	1	1	1	1	1	1	1	1	1	1	1	1	1	1	1	1	1	1	1
A7B246	1	1	1	1	1	1	1	1	1	1	1	1	1	1	1	1	1	1	1	1
A7B247	1	1	1	1	1	1	1	1	1	1	1	1	1	1	1	1	1	1	1	1
A8B236	1	1	1	1	1	1	1	1	1	1	1	1	1	1	1	1	1	1	1	1
A8B237	1	1	0.00165393529591311	1	1	1	1	1	1	1	1	1	1	1	1	1	1	1	1	1
A8B238	1	1	1	1	1	1	1	1	1	1	1	1	1	1	1	1	1	1	1	1
A8B239	1	1	1	1	1	1	1	1	1	1	1	1	1	1	1	1	1	1	1	1
A8B240	1	1	1	1	1	1	1	1	1	1	1	1	1	1	1	1	1	1	1	1
A8B241	1	1	1	1	1	1	1	1	1	1	1	1	1	1	1	1	0.0000000000000000000000342638151964905	1	1	1
A8B242	1	1	1	1	1	1	1	1	1	0.618244008281174	1	1	1	1	1	1	0.00000000000000000000101602958979086	1	1	1
A8B243	1	1	1	1	1	1	1	1	1	0.0195939911387177	1	1	1	1	1	1	0.0000000000000000000190301992750624	1	1	1
A8B244	1	1	1	1	0.000979120039652169	1	1	1	1	1	1	1	1	1	1	1	1	1	1	1
A8B245	1	1	1	1	0.00169233522007608	1	0.0000015032410276721	1	1	0.000554050073927299	1	1	1	1	1	1	1	1	1	1
A8B246	1	1	1	1	1	1	1	1	1	1	1	1	1	1	1	1	1	1	1	1
A8B247	1	1	1	1	0.000000000000000000000134832879448494	1	0.0000000000000000000000000000000000000748761497288508	1	1	0.000000000000000000819343542047348	1	1	1	0.00000000031070711099169	1	0.714965417776778	1	1	1	1
A9B236	1	1	1	1	1	1	1	1	1	1	1	1	0.388580397383586	1	1	1	1	1	1	1
A9B237	1	1	1	1	1	0.182710072385043	1	1	1	1	1	1	1	1	1	1	1	1	1	1
A9B238	1	1	1	1	1	1	1	1	1	1	1	1	1	1	1	1	1	1	1	1
A9B239	1	1	1	1	1	1	1	1	1	1	1	1	1	1	1	1	1	1	1	1
A9B240	1	1	1	1	0.944833994502313	1	1	1	1	1	1	1	1	1	1	1	1	1	1	1
A9B241	1	1	1	1	1	1	1	1	1	1	1	1	1	1	1	1	1	1	1	1
A9B242	1	1	1	1	1	1	1	1	1	1	1	1	1	1	1	1	1	1	1	1
A9B243	1	1	1	1	1	1	1	1	1	1	1	1	1	1	1	1	1	1	1	1
A9B244	1	1	1	1	1	1	1	1	1	1	1	1	1	1	1	1	1	1	1	1
A9B245	1	1	1	1	1	1	1	1	1	1	1	1	1	1	1	1	1	1	1	1
A9B246	1	1	1	1	1	1	1	1	1	1	1	1	1	1	1	1	1	0.0998547861559711	1	1
A9B247	1	1	1	1	1	1	1	1	1	1	1	1	1	1	1	1	1	1	1	1
A18B224	1	1	1	1	1	1	1	1	1	1	1	1	1	1	1	1	1	1	1	1
A18B225	1	1	1	1	1	1	1	1	1	1	1	1	1	1	1	1	1	1	1	1
A18B226	1	1	1	1	1	1	1	1	1	1	1	1	1	1	1	1	1	1	1	1
A18B227	1	1	1	1	1	1	1	1	1	1	1	1	1	1	1	1	1	1	1	1
A18B228	1	1	1	1	1	1	1	1	1	1	1	1	1	1	1	1	1	1	1	1
A18B229	1	1	1	1	1	1	1	1	1	1	1	1	1	1	1	1	1	1	1	1
A18B230	1	1	1	1	1	1	1	1	1	1	1	1	1	1	1	1	1	1	1	1
A18B231	1	1	1	1	1	1	1	1	1	1	1	1	1	1	1	1	1	1	1	1
A18B232	1	1	1	1	1	1	1	1	1	1	1	1	1	1	1	1	1	1	1	1
A18B233	1	1	1	1	1	1	1	1	1	1	1	1	1	1	1	1	1	1	1	1
A18B234	1	1	1	1	1	1	1	1	1	1	1	1	1	1	1	1	1	1	1	1
A18B235	1	1	1	1	1	1	1	1	1	1	1	1	1	1	1	1	1	1	1	1
A19B224	1	1	1	1	1	1	1	1	1	1	1	1	1	1	1	1	1	1	1	1
A19B225	1	1	1	1	1	1	1	1	1	1	1	1	1	1	1	1	1	1	1	1
A19B226	1	1	1	1	1	1	1	1	1	1	1	1	1	1	1	1	1	1	1	1
A19B227	1	1	1	1	1	1	1	1	1	1	1	1	1	1	1	1	1	1	1	1
A19B228	1	1	1	1	1	1	1	1	1	1	1	1	1	1	1	1	1	1	1	1
A19B229	1	1	1	1	1	1	1	1	1	1	1	1	1	1	1	1	1	1	1	1
A19B230	1	1	1	1	1	1	1	1	1	1	1	1	1	1	1	1	1	1	1	1
A19B231	1	1	1	1	1	1	1	1	1	1	1	1	1	1	1	1	1	1	1	1
A19B232	1	1	1	1	1	1	1	1	1	1	1	1	1	1	1	1	1	1	1	1
A19B233	1	1	1	1	1	1	1	1	1	1	1	1	1	1	1	1	1	1	1	1
A19B234	1	1	1	0.265408859152809	1	1	1	1	1	1	1	1	1	1	1	1	1	1	1	1
A19B235	1	1	1	0.00000000000000860248448861324	1	1	1	1	1	1	1	1	1	1	1	1	1	1	1	1
A20B224	1	1	1	0.0000000656605478736853	1	1	1	1	1	1	1	1	1	1	1	1	1	1	1	1
A20B225	1	1	1	0.0000415918468323505	1	1	1	1	1	1	1	1	1	1	1	1	1	1	1	1
A20B226	1	1	1	0.0562633677240002	1	1	1	1	1	1	1	1	1	1	1	1	1	1	1	1
A20B227	1	1	1	1	1	1	1	1	1	1	1	1	1	1	1	1	1	1	1	1
A20B228	1	1	1	1	1	1	1	1	1	1	1	1	1	1	1	1	1	1	1	1
A20B229	1	1	1	1	1	1	1	1	1	1	1	1	1	1	1	1	1	1	1	1
A20B230	1	1	1	1	1	1	1	1	1	1	1	1	1	1	1	1	1	1	1	1
A20B231	1	1	1	1	1	1	1	1	1	1	1	1	1	1	1	1	1	1	1	1
A20B232	1	1	1	1	1	1	1	1	1	1	1	1	1	1	1	1	1	1	1	1
A20B233	1	1	1	1	1	1	1	1	1	1	1	1	1	1	1	1	1	1	1	1
A20B234	1	1	1	1	1	1	1	1	1	1	1	1	0.900806834361652	1	1	0.38568219671769	1	1	1	1
A20B235	1	1	1	1	1	1	1	1	1	1	1	1	1	1	1	1	1	1	1	1
A21B224	1	1	1	1	1	1	1	1	1	1	1	1	1	1	1	1	1	1	1	1
A21B225	1	1	1	1	1	1	1	1	1	1	1	1	1	1	1	1	1	1	1	1
A21B226	0.682527347614978	1	1	1	1	1	1	1	1	1	1	1	1	1	1	1	1	1	1	1
A21B227	1	1	1	1	1	1	1	1	1	1	1	1	1	1	1	1	1	1	1	1
A21B228	1	1	1	1	1	1	1	1	1	1	1	1	1	1	1	1	1	1	1	1
A21B229	1	1	1	1	1	1	1	1	1	0.0000000000000000000217073225784264	1	1	0.900806834361652	1	1	1	1	1	1	1
A21B230	1	1	1	1	1	1	1	1	1	1	1	1	1	1	1	1	1	1	1	1
A21B231	1	1	1	1	1	1	1	1	1	0.177460904306229	1	1	1	1	1	1	1	1	1	1
A21B232	1	1	1	1	1	1	1	1	1	0.618244008281174	0.00000000000000151631893140191	1	1	1	1	1	1	1	1	1
A21B233	1	1	1	1	1	1	1	1	1	1	1	1	1	1	1	1	1	1	1	1
A21B234	1	1	1	1	1	1	1	1	1	1	1	1	1	1	1	1	1	1	1	1
A21B235	1	1	1	1	1	1	1	1	1	1	1	1	1	1	1	1	1	1	1	1
A22B224	1	1	1	1	1	1	1	1	1	1	1	1	1	1	1	1	1	1	1	1
A22B225	1	1	1	1	1	1	1	1	1	1	1	1	1	1	1	1	1	1	1	1
A22B226	1	1	1	1	1	1	1	1	1	1	1	1	1	1	1	1	1	1	1	1
A22B227	1	1	1	1	1	1	1	1	1	1	1	1	1	1	1	1	1	1	1	1
A22B228	1	1	1	1	1	1	1	1	1	1	1	1	1	1	1	1	1	1	1	1
A22B229	1	1	1	1	1	1	1	1	1	1	1	1	1	1	1	1	1	1	1	1
A22B230	1	1	1	1	1	1	1	1	1	1	1	1	1	1	1	1	1	1	1	1
A22B231	1	1	1	1	1	1	1	1	1	1	1	1	1	1	1	1	1	1	1	1
A22B232	1	1	1	1	1	1	1	1	1	1	1	1	1	1	1	1	1	1	1	1
A22B233	1	1	1	1	1	1	1	1	1	1	1	1	1	1	1	1	1	1	1	1
A22B234	1	1	1	1	1	1	1	1	1	1	1	1	1	1	1	1	1	1	1	1
A22B235	1	1	1	1	1	1	1	1	1	1	1	1	1	1	1	1	1	1	1	1
A23B224	1	1	1	1	1	1	1	1	1	1	1	1	1	1	1	1	1	1	1	1
A23B225	1	1	1	1	1	1	1	1	1	1	1	1	1	1	1	1	1	1	1	1
A23B226	1	1	1	1	1	1	1	1	1	1	1	1	1	1	1	1	1	1	1	1
A23B227	1	1	1	1	1	1	1	1	1	1	1	1	1	1	1	1	1	1	1	1
A23B228	1	1	1	1	1	1	1	1	1	1	1	1	1	1	1	1	1	1	1	1
A23B229	1	1	1	1	1	1	1	1	1	1	1	1	1	1	1	1	1	1	1	1
A23B230	1	1	1	1	1	1	1	1	1	1	1	1	1	1	1	1	1	1	1	1
A23B231	1	1	1	1	1	1	1	1	1	1	1	1	1	1	1	1	1	1	1	1
A23B232	1	1	1	1	1	1	1	1	1	1	1	1	1	1	1	1	1	1	1	1
A23B233	1	1	1	1	1	1	1	1	1	1	1	1	1	1	1	1	1	1	1	1
A23B234	1	1	1	1	1	1	1	1	1	1	1	1	1	1	1	1	1	1	1	1
A23B235	1	1	1	1	1	1	1	1	1	1	1	1	1	1	1	1	1	1	1	1
A24B224	1	1	1	1	1	1	1	1	1	1	1	1	1	1	1	1	1	1	1	1
A24B225	1	1	1	1	1	1	1	1	1	1	1	1	1	1	1	1	1	1	1	1
A24B226	1	1	1	1	1	1	1	1	1	1	1	1	1	1	1	1	1	1	1	1
A24B227	1	1	1	1	1	1	1	1	1	1	1	1	1	1	1	1	1	1	1	1
A24B228	1	1	1	1	1	1	1	1	1	1	1	1	1	1	1	1	1	1	1	1
A24B229	1	1	1	1	1	1	1	1	1	1	1	1	1	1	1	1	1	1	1	1
A24B230	1	1	1	1	1	1	1	1	1	1	1	1	1	1	1	1	1	1	1	1
A24B231	1	1	1	1	1	1	1	1	1	1	1	1	1	1	1	1	1	1	1	1
A24B232	1	1	1	1	1	1	1	1	1	1	1	1	1	1	1	1	1	1	1	1
A24B233	1	1	1	1	1	1	1	1	1	1	1	1	1	1	1	1	1	1	1	1
A24B234	1	1	0.00000000493247806799893	1	1	1	1	1	0.578523295076535	1	1	1	1	1	0.403424645260471	0.38568219671769	1	1	1	1
A24B235	1	1	1	1	1	1	1	1	1	1	1	1	1	1	1	1	1	1	1	1
A25B224	1	1	1	1	1	1	1	1	1	1	1	1	1	1	1	1	1	1	1	1
A25B225	1	1	1	1	1	1	1	1	1	1	1	1	1	1	1	1	1	1	1	1
A25B226	1	1	1	1	1	1	1	1	1	1	1	1	1	1	1	1	1	1	1	1
A25B227	1	1	1	1	1	1	1	1	1	1	1	1	1	1	1	1	1	1	1	1
A25B228	1	1	1	1	1	1	1	1	1	1	1	1	1	1	1	1	1	1	1	1
A25B229	1	1	1	1	1	1	1	1	1	1	1	1	1	1	1	1	1	1	1	1
A25B230	1	1	1	1	1	1	1	1	1	1	1	1	1	1	1	1	1	1	1	1
A25B231	1	1	1	1	1	1	1	1	1	1	1	1	1	1	1	1	1	1	1	1
A25B232	1	1	1	1	1	1	1	1	1	1	1	1	1	1	1	1	1	1	1	1
A25B233	1	1	1	1	1	1	1	1	1	1	1	1	1	1	1	1	1	1	1	1
A25B234	1	1	1	1	1	1	1	1	1	1	1	1	1	1	1	1	1	1	1	1
A25B235	1	1	1	1	1	1	1	1	1	1	1	1	1	1	1	1	1	1	1	1
A18B236	1	1	1	1	1	1	1	1	1	1	1	1	1	1	1	1	1	1	1	1
A18B237	1	1	1	1	1	1	1	1	1	1	1	1	1	1	1	1	1	1	1	1
A18B238	1	1	1	1	1	1	1	1	1	1	1	1	1	1	1	1	1	1	1	1
A18B239	1	1	1	1	1	1	1	1	1	1	1	1	1	1	1	1	1	1	1	1
